0.154000
0.292000
0.066000
0.493000
0.397000
0.362000
1.091000
1.168000
1.659000
1.685000
1.694000
1.166000
0.382000
0.380000
0.477000
1.226000
0.633000
0.689000
0.744000
0.632000
0.397000
0.604000
0.397000
1.194000
1.198000
0.847000
0.626000
0.624000
0.221000
1.011000
0.694000
0.603000
0.611000
0.609000
0.644000
1.088000
1.246000
1.203000
0.775000
0.673000
0.397000
1.107000
0.606000
0.682000
0.886000
0.862000
1.149000
1.958000
1.300000
0.608000
0.973000
0.397000
1.291000
1.190000
1.321000
2.681000
0.608000
0.232000
0.939000
1.310000
0.298000
0.624000
0.845000
0.649000
0.641000
0.799000
1.305000
0.397000
1.471000
0.397000
0.770000
0.619000
0.397000
0.694000
0.725000
0.397000
1.318000
0.397000
0.143000
0.397000
0.393000
1.124000
1.217000
1.064000
0.670000
