0.472000
0.613000
0.602000
0.227000
0.151000
1.291000
3.133000
0.584000
1.370000
0.253000
0.672000
1.686000
0.701000
0.408000
1.855000
0.303000
1.791000
0.420000
0.331000
1.058000
0.982000
0.154000
0.610000
0.815000
1.014000
0.559000
1.234000
0.485000
0.654000
0.215000
0.974000
0.247000
0.915000
1.420000
1.136000
1.051000
0.607000
1.659000
0.867000
2.668000
1.258000
1.179000
0.871000
0.675000
0.468000
0.884000
0.617000
2.718000
0.476000
0.718000
1.315000
0.372000
1.167000
2.546000
0.699000
0.849000
0.261000
0.625000
0.963000
0.765000
1.827000
0.538000
