0.496000
0.745000
1.812000
0.424000
0.016000
0.678000
0.605000
0.784000
0.677000
1.612000
2.250000
1.195000
3.311000
1.239000
0.740000
0.243000
1.705000
0.772000
0.685000
2.930000
0.679000
3.361000
3.035000
0.254000
1.402000
0.718000
0.278000
2.288000
1.841000
1.384000
1.404000
0.292000
3.341000
0.624000
3.018000
1.861000
0.607000
0.055000
0.587000
0.992000
1.179000
2.420000
0.268000
2.879000
3.099000
0.598000
1.542000
0.442000
0.180000
0.517000
2.821000
1.020000
3.380000
0.555000
0.600000
0.922000
1.296000
2.215000
1.605000
1.497000
1.852000
0.195000
1.462000
1.339000
1.207000
2.254000
0.586000
1.037000
3.149000
0.692000
0.447000
0.397000
0.944000
0.596000
1.394000
1.405000
0.327000
0.182000
1.103000
1.505000
0.451000
1.829000
0.793000
0.734000
0.072000
0.212000
1.064000
2.925000
1.229000
1.570000
1.799000
1.090000
1.126000
0.452000
1.169000
0.644000
0.168000
2.787000
0.247000
0.220000
1.449000
1.735000
0.401000
3.308000
1.438000
0.703000
1.400000
0.731000
1.037000
1.082000
0.694000
0.595000
2.226000
0.761000
1.306000
0.525000
2.397000
1.367000
0.563000
0.433000
1.450000
2.301000
1.018000
2.628000
1.522000
1.079000
1.665000
1.063000
0.817000
0.314000
0.406000
0.405000
1.207000
0.417000
1.433000
2.254000
1.441000
0.994000
0.674000
3.316000
1.433000
0.958000
0.667000
0.550000
1.048000
1.815000
0.727000
3.273000
0.879000
1.314000
0.514000
3.365000
1.021000
0.979000
1.823000
0.525000
3.354000
0.399000
0.670000
0.822000
0.329000
0.652000
0.905000
1.463000
3.544000
0.694000
1.180000
1.121000
0.674000
0.441000
1.321000
0.332000
2.131000
0.438000
1.043000
0.958000
