1.653000
0.491000
0.645000
2.289000
0.242000
0.572000
1.810000
3.562000
1.004000
1.180000
3.700000
0.140000
1.592000
0.236000
0.250000
0.925000
1.112000
1.338000
0.654000
0.915000
2.419000
1.012000
1.989000
0.529000
1.268000
0.307000
0.689000
0.701000
0.960000
1.792000
0.775000
3.551000
1.188000
0.407000
4.837000
1.559000
3.675000
0.521000
1.036000
1.405000
1.153000
2.261000
2.795000
0.094000
0.773000
0.742000
1.078000
0.017000
0.993000
0.458000
2.717000
1.388000
1.296000
1.438000
1.297000
1.303000
1.385000
0.999000
0.355000
0.635000
2.241000
1.123000
2.036000
3.605000
1.293000
1.316000
3.019000
0.638000
2.234000
2.312000
0.902000
1.943000
0.219000
0.940000
1.639000
2.512000
1.331000
0.261000
2.420000
0.951000
2.589000
0.364000
1.242000
0.660000
1.346000
0.956000
0.321000
3.078000
0.606000
1.321000
0.600000
0.302000
1.430000
0.244000
2.854000
0.322000
1.037000
2.900000
2.892000
0.627000
0.771000
0.787000
0.283000
2.222000
3.367000
2.004000
1.837000
0.744000
2.246000
0.216000
0.645000
1.467000
0.563000
1.458000
1.429000
1.732000
2.255000
2.292000
3.039000
0.961000
2.395000
1.739000
2.527000
2.410000
0.667000
1.340000
0.990000
2.320000
3.536000
0.201000
1.559000
1.249000
0.141000
3.408000
0.218000
0.701000
3.182000
1.584000
1.258000
2.381000
2.417000
1.352000
1.250000
1.386000
2.993000
2.254000
0.213000
0.538000
3.200000
1.123000
2.941000
3.549000
3.483000
0.271000
1.302000
1.369000
1.342000
2.026000
3.142000
2.811000
1.120000
2.361000
0.233000
1.460000
2.925000
0.415000
1.180000
0.446000
1.090000
3.152000
2.960000
1.100000
1.549000
3.337000
0.556000
0.234000
1.780000
3.134000
1.770000
2.198000
3.354000
2.340000
1.494000
1.407000
1.026000
0.327000
0.972000
1.483000
2.817000
0.145000
0.900000
0.701000
0.606000
1.332000
0.658000
0.672000
0.500000
1.282000
0.940000
0.452000
1.150000
0.979000
3.116000
2.564000
2.778000
2.376000
0.533000
3.335000
2.663000
1.726000
0.411000
2.204000
1.503000
2.428000
0.918000
2.289000
2.268000
1.373000
0.303000
3.477000
2.857000
0.926000
1.000000
1.072000
1.392000
0.444000
2.348000
1.336000
1.213000
2.451000
0.744000
1.479000
0.324000
0.671000
1.499000
3.403000
1.726000
1.159000
1.396000
0.775000
0.068000
1.395000
0.474000
1.588000
2.587000
1.476000
2.898000
1.217000
1.534000
3.162000
0.601000
1.020000
3.733000
2.550000
2.905000
1.473000
1.102000
0.707000
2.202000
1.325000
2.201000
3.182000
0.595000
1.020000
2.355000
1.379000
0.172000
0.579000
0.605000
1.765000
0.914000
0.913000
2.987000
3.540000
2.192000
0.698000
1.111000
0.682000
2.214000
1.681000
3.428000
0.681000
0.368000
3.815000
3.358000
3.605000
1.198000
2.183000
1.499000
1.887000
2.640000
2.881000
0.485000
0.490000
2.545000
0.780000
0.626000
1.337000
0.743000
2.843000
3.235000
1.307000
1.311000
3.399000
2.511000
0.999000
1.820000
2.227000
2.888000
0.498000
2.248000
0.508000
0.920000
5.327000
2.762000
2.220000
3.773000
1.594000
2.648000
1.051000
0.226000
0.966000
0.926000
2.343000
1.035000
1.036000
0.684000
1.027000
2.497000
0.809000
0.961000
0.692000
1.235000
1.712000
0.783000
1.657000
1.874000
1.722000
0.466000
0.197000
0.655000
0.980000
0.264000
0.414000
0.465000
2.869000
0.128000
3.057000
3.121000
3.568000
0.964000
1.667000
3.192000
0.250000
0.302000
1.304000
0.532000
1.420000
3.254000
3.310000
1.363000
0.684000
3.144000
1.317000
0.166000
0.028000
0.035000
0.962000
2.120000
0.728000
0.084000
1.781000
1.021000
