0.639000
0.796000
0.554000
0.130000
3.100000
0.473000
3.033000
0.635000
2.651000
0.189000
0.422000
0.667000
0.601000
1.403000
3.587000
1.322000
2.338000
0.627000
2.719000
0.635000
1.468000
1.998000
1.800000
0.026000
3.452000
5.669000
1.748000
2.783000
4.122000
1.392000
2.981000
3.812000
4.321000
1.333000
1.283000
0.636000
0.671000
0.484000
2.386000
0.949000
2.168000
0.545000
3.131000
0.258000
3.825000
2.192000
2.657000
1.765000
2.777000
1.233000
0.457000
0.454000
0.981000
3.993000
1.485000
1.767000
1.318000
0.929000
0.927000
0.620000
2.526000
1.084000
0.199000
1.633000
1.227000
0.387000
0.470000
0.236000
0.966000
0.630000
3.748000
0.679000
0.861000
2.674000
0.660000
2.454000
3.097000
0.707000
2.385000
3.286000
0.924000
1.075000
2.637000
1.310000
1.217000
3.008000
0.682000
0.673000
0.652000
1.329000
2.958000
2.006000
3.211000
2.998000
3.027000
3.307000
2.740000
1.436000
1.789000
0.923000
2.362000
0.733000
1.546000
2.871000
1.717000
1.880000
1.125000
3.825000
2.401000
1.326000
0.122000
2.482000
1.125000
0.232000
0.683000
2.881000
2.563000
2.252000
0.685000
1.367000
0.039000
2.537000
4.079000
3.308000
3.053000
1.570000
3.616000
3.624000
1.827000
0.306000
0.598000
1.279000
0.136000
3.810000
0.217000
1.867000
0.598000
0.619000
1.040000
2.402000
3.655000
0.515000
1.300000
0.433000
1.249000
1.324000
0.221000
1.506000
0.407000
2.811000
2.705000
3.297000
3.893000
1.271000
2.649000
1.225000
3.680000
3.484000
0.922000
0.303000
0.924000
1.272000
3.164000
2.871000
3.641000
1.705000
1.600000
0.922000
3.857000
0.455000
0.264000
4.184000
3.464000
0.221000
1.015000
2.805000
3.204000
0.630000
0.766000
1.890000
2.114000
1.381000
0.534000
3.226000
4.465000
2.707000
0.931000
3.162000
3.251000
2.163000
3.841000
0.297000
2.024000
3.307000
0.742000
0.593000
3.100000
0.287000
2.315000
1.322000
2.076000
1.360000
1.113000
1.155000
0.926000
3.580000
2.258000
0.729000
0.526000
0.651000
3.964000
0.964000
1.848000
2.753000
0.911000
0.472000
1.633000
2.030000
0.628000
1.567000
1.740000
0.613000
1.920000
0.203000
4.125000
0.439000
2.784000
1.645000
1.298000
0.970000
1.301000
3.155000
2.262000
1.313000
3.775000
0.375000
1.334000
0.147000
1.369000
0.523000
0.652000
1.321000
3.435000
1.285000
0.167000
1.275000
2.204000
0.407000
0.496000
3.429000
1.390000
0.184000
3.201000
0.443000
0.221000
1.884000
3.286000
0.221000
0.688000
0.604000
0.989000
1.829000
2.527000
0.175000
0.615000
0.597000
0.208000
2.768000
1.049000
1.899000
1.060000
2.247000
1.288000
2.135000
2.422000
0.620000
3.094000
0.328000
1.169000
3.401000
3.320000
1.030000
1.015000
1.969000
0.765000
0.687000
3.029000
3.618000
3.998000
0.451000
2.320000
3.523000
1.343000
3.314000
2.870000
1.324000
1.808000
3.422000
1.432000
0.241000
1.037000
0.611000
4.314000
3.732000
1.960000
0.881000
0.991000
1.918000
3.784000
2.682000
2.633000
3.734000
2.443000
3.402000
0.215000
1.146000
1.758000
0.932000
1.027000
2.897000
2.512000
2.294000
0.526000
0.039000
3.003000
3.448000
0.708000
1.505000
1.605000
4.323000
0.439000
3.519000
2.247000
1.286000
1.585000
1.640000
1.651000
2.733000
0.210000
2.488000
0.249000
0.660000
0.918000
3.559000
2.656000
1.929000
0.699000
3.143000
1.561000
1.540000
0.466000
0.230000
0.629000
0.501000
0.536000
3.421000
3.441000
2.272000
0.632000
1.349000
2.305000
3.580000
1.374000
0.704000
2.995000
1.958000
1.067000
0.437000
2.584000
1.158000
1.533000
0.611000
1.302000
0.945000
1.125000
3.086000
0.671000
2.024000
2.727000
0.923000
0.422000
3.307000
1.273000
0.885000
1.826000
3.353000
2.251000
3.487000
2.666000
0.502000
1.646000
0.599000
4.167000
0.930000
0.696000
1.708000
2.948000
3.919000
1.126000
1.773000
2.455000
4.557000
0.967000
1.045000
1.209000
0.939000
0.546000
1.167000
1.327000
3.485000
0.925000
2.578000
2.428000
2.343000
2.249000
1.405000
2.517000
0.785000
1.724000
3.611000
0.219000
1.797000
3.147000
2.619000
1.335000
2.965000
3.259000
0.118000
3.987000
3.213000
1.310000
1.190000
1.738000
0.653000
1.343000
3.220000
0.622000
0.481000
1.331000
3.315000
0.225000
3.105000
1.692000
1.770000
1.198000
1.568000
2.995000
1.009000
3.391000
0.558000
2.243000
1.323000
0.501000
0.701000
2.896000
1.296000
2.027000
3.484000
1.521000
2.666000
1.817000
0.463000
1.789000
0.458000
1.996000
0.810000
1.356000
0.276000
3.255000
0.665000
2.160000
1.008000
0.508000
2.572000
2.866000
0.473000
1.006000
3.118000
3.072000
3.007000
2.975000
3.900000
3.556000
3.722000
3.500000
1.078000
3.486000
0.963000
3.527000
3.239000
3.191000
3.305000
2.331000
2.269000
1.815000
0.738000
0.672000
3.250000
1.526000
1.350000
3.532000
3.709000
3.006000
0.498000
3.114000
3.915000
3.759000
3.127000
1.670000
2.324000
1.237000
0.084000
2.016000
1.019000
3.272000
1.432000
3.140000
3.298000
1.062000
1.345000
2.758000
2.480000
0.101000
0.283000
1.594000
2.425000
1.374000
3.443000
0.155000
1.022000
3.149000
1.577000
2.690000
3.083000
1.452000
3.363000
1.754000
3.530000
0.225000
1.324000
1.639000
1.284000
1.238000
0.428000
3.373000
1.328000
1.981000
2.966000
2.699000
1.155000
1.138000
3.207000
0.457000
1.621000
1.551000
1.469000
0.686000
3.214000
3.486000
0.678000
3.663000
0.937000
3.265000
1.810000
2.490000
3.047000
3.446000
0.950000
0.720000
0.952000
0.778000
2.574000
1.823000
2.091000
1.744000
3.635000
0.995000
0.865000
0.212000
2.318000
1.640000
3.291000
0.631000
0.716000
2.085000
1.336000
0.384000
2.456000
1.187000
3.128000
1.034000
2.516000
0.099000
3.253000
3.082000
1.109000
0.472000
0.189000
1.054000
3.000000
1.028000
2.622000
1.243000
2.392000
1.257000
1.786000
0.188000
1.749000
1.171000
1.491000
3.541000
2.963000
0.220000
0.933000
2.744000
1.858000
3.090000
0.627000
1.321000
2.712000
2.435000
0.317000
0.331000
11.728000
0.345000
1.794000
1.202000
3.469000
0.509000
1.434000
1.464000
1.321000
2.750000
1.366000
3.531000
1.859000
2.190000
3.632000
0.455000
3.431000
3.229000
2.291000
2.609000
2.973000
0.164000
3.527000
2.325000
1.753000
0.221000
2.307000
3.245000
2.746000
0.318000
3.973000
3.816000
0.182000
1.253000
2.849000
0.437000
2.604000
3.349000
0.416000
2.597000
1.126000
2.217000
3.176000
1.854000
0.252000
2.620000
0.920000
0.288000
0.213000
1.309000
0.216000
0.978000
1.319000
2.381000
0.738000
0.995000
1.820000
0.950000
0.562000
0.339000
0.964000
1.097000
