0.452000
1.029000
0.921000
0.560000
1.412000
1.316000
1.231000
1.305000
1.884000
0.687000
0.566000
2.537000
1.325000
2.957000
1.736000
4.266000
2.475000
0.593000
1.739000
1.361000
4.484000
2.639000
1.193000
3.313000
3.171000
1.664000
4.023000
1.436000
3.133000
3.134000
2.938000
0.715000
2.348000
1.312000
2.803000
1.870000
0.624000
3.699000
2.744000
3.084000
0.455000
3.110000
3.545000
2.885000
3.424000
0.450000
2.942000
2.325000
3.312000
2.929000
1.320000
1.347000
4.432000
2.275000
1.388000
2.757000
0.378000
3.381000
0.147000
3.046000
3.296000
1.655000
2.659000
1.243000
1.724000
2.682000
1.586000
1.365000
2.904000
2.649000
1.148000
1.306000
3.460000
0.578000
2.726000
3.134000
3.252000
1.106000
1.039000
0.812000
0.524000
3.704000
1.569000
3.340000
2.893000
3.398000
2.935000
0.692000
0.929000
1.173000
2.474000
0.554000
1.477000
1.553000
0.257000
2.828000
0.882000
0.955000
0.519000
1.665000
2.466000
3.740000
0.677000
0.461000
0.635000
2.802000
2.747000
3.685000
1.316000
0.663000
1.319000
0.614000
2.410000
1.432000
1.433000
1.706000
2.928000
3.359000
4.603000
2.502000
2.603000
2.926000
0.279000
2.974000
2.574000
1.312000
2.702000
1.858000
3.274000
0.295000
3.421000
2.951000
0.434000
0.919000
0.678000
0.504000
3.543000
3.291000
1.318000
3.343000
1.490000
0.526000
2.462000
0.927000
1.862000
0.529000
3.564000
0.477000
0.914000
2.813000
3.255000
1.621000
0.470000
1.494000
0.142000
3.213000
0.693000
0.730000
2.925000
1.103000
0.618000
0.589000
3.847000
0.667000
2.752000
2.204000
0.570000
0.756000
2.434000
0.679000
0.292000
2.999000
2.201000
2.956000
3.629000
0.617000
2.029000
1.043000
0.584000
1.880000
3.784000
3.715000
4.151000
3.445000
3.667000
2.558000
1.484000
2.299000
3.525000
2.627000
0.463000
1.460000
2.556000
2.736000
0.255000
0.770000
1.382000
1.213000
3.220000
1.544000
1.879000
2.278000
3.487000
0.612000
0.581000
3.050000
2.686000
1.985000
0.590000
3.575000
3.013000
1.630000
0.212000
1.647000
2.073000
2.497000
0.458000
0.691000
1.061000
2.814000
1.958000
0.165000
3.201000
2.383000
1.645000
2.751000
2.602000
0.641000
0.655000
2.731000
2.316000
2.674000
3.858000
0.577000
3.401000
3.456000
3.275000
0.619000
0.677000
0.699000
3.593000
0.444000
0.933000
0.591000
0.707000
3.227000
0.931000
0.185000
3.090000
3.180000
1.033000
4.216000
2.759000
3.276000
2.480000
3.215000
0.218000
0.925000
0.597000
3.555000
3.284000
0.245000
3.745000
0.682000
0.925000
2.908000
0.224000
2.645000
0.924000
2.777000
1.175000
2.373000
2.271000
0.616000
0.971000
1.758000
2.302000
1.015000
2.760000
0.601000
1.386000
2.278000
1.523000
4.688000
0.634000
2.445000
0.529000
1.177000
1.685000
1.318000
0.212000
1.599000
1.606000
1.098000
0.501000
0.967000
4.079000
1.160000
2.606000
3.285000
0.680000
1.118000
1.760000
0.944000
0.954000
3.324000
1.009000
2.055000
2.440000
0.974000
2.760000
0.967000
3.592000
3.705000
0.217000
1.091000
2.218000
3.916000
0.945000
3.533000
1.084000
2.237000
3.382000
3.620000
2.510000
2.086000
0.905000
2.808000
2.306000
0.968000
0.698000
2.003000
0.506000
2.657000
3.800000
1.514000
3.333000
0.215000
2.989000
4.351000
0.338000
2.909000
0.423000
1.796000
1.435000
2.476000
0.953000
0.632000
0.116000
0.499000
3.575000
3.619000
1.927000
1.448000
3.789000
0.926000
2.717000
2.561000
1.709000
0.480000
0.937000
3.585000
2.489000
2.272000
1.873000
2.735000
3.613000
2.101000
1.337000
1.324000
3.052000
0.734000
3.511000
1.977000
1.773000
1.341000
0.021000
3.280000
3.346000
0.699000
2.846000
0.451000
3.861000
3.194000
2.328000
2.564000
0.489000
2.699000
3.262000
0.414000
3.500000
2.224000
0.494000
3.892000
0.675000
2.646000
1.706000
0.495000
3.267000
3.673000
3.681000
0.537000
1.097000
2.729000
2.682000
2.053000
2.912000
0.683000
1.500000
2.541000
0.649000
1.272000
1.214000
0.949000
3.455000
1.820000
1.809000
3.495000
1.354000
3.472000
1.154000
2.563000
2.659000
3.889000
2.974000
0.586000
3.315000
0.598000
2.004000
3.314000
2.871000
2.660000
1.099000
0.678000
1.035000
2.803000
3.502000
2.911000
3.016000
2.238000
2.488000
3.575000
3.022000
3.119000
0.936000
1.485000
1.581000
2.329000
1.087000
0.714000
2.363000
0.955000
1.141000
3.046000
2.231000
0.602000
1.619000
2.074000
1.649000
2.899000
1.815000
0.732000
0.579000
2.920000
2.355000
1.309000
0.650000
2.447000
1.601000
2.318000
2.788000
3.122000
1.180000
2.024000
1.248000
1.045000
0.680000
0.285000
1.598000
1.644000
1.051000
3.610000
1.605000
0.624000
0.668000
0.672000
1.878000
2.479000
3.254000
3.628000
0.246000
1.675000
0.569000
0.810000
1.208000
1.152000
0.690000
0.476000
0.743000
2.013000
0.552000
1.858000
0.601000
3.777000
1.249000
0.617000
1.046000
1.298000
1.349000
1.971000
0.780000
1.172000
1.994000
2.468000
2.381000
1.695000
3.281000
0.878000
2.741000
3.360000
3.553000
3.495000
3.377000
3.368000
0.223000
1.188000
1.557000
1.496000
1.327000
2.310000
3.476000
3.472000
1.150000
1.544000
0.608000
2.993000
1.701000
1.630000
2.774000
4.008000
1.990000
1.558000
2.276000
2.022000
1.686000
1.339000
0.215000
1.890000
2.302000
1.105000
2.571000
2.651000
1.034000
3.481000
1.962000
1.578000
2.363000
0.692000
0.917000
0.177000
2.647000
3.177000
3.983000
2.521000
1.645000
3.413000
1.672000
2.890000
0.680000
3.234000
2.243000
2.938000
2.588000
1.477000
0.697000
1.765000
0.643000
1.635000
3.034000
2.699000
2.638000
2.034000
2.420000
1.502000
3.188000
2.272000
0.230000
3.626000
3.352000
0.284000
2.871000
0.703000
0.944000
4.403000
2.998000
3.063000
1.067000
2.548000
2.960000
0.979000
2.906000
1.541000
2.951000
4.395000
0.966000
0.634000
0.541000
2.962000
0.666000
0.812000
1.486000
3.884000
2.803000
2.928000
0.348000
1.306000
1.303000
1.027000
1.720000
2.908000
3.032000
0.937000
3.428000
0.731000
2.072000
2.934000
1.349000
0.787000
3.543000
3.160000
0.709000
3.050000
2.313000
0.639000
2.625000
3.206000
1.726000
0.938000
2.104000
3.564000
2.742000
2.395000
1.690000
2.218000
3.607000
2.705000
3.258000
1.771000
1.554000
2.219000
3.361000
3.330000
0.966000
0.420000
2.316000
0.668000
2.010000
3.045000
2.000000
3.448000
4.228000
1.989000
3.464000
4.260000
1.439000
2.562000
0.444000
2.805000
3.503000
4.391000
3.669000
1.483000
1.271000
1.704000
0.446000
2.851000
0.930000
2.766000
1.708000
1.333000
0.953000
1.221000
2.388000
1.413000
3.482000
2.685000
1.551000
0.673000
1.337000
2.576000
4.046000
2.716000
0.692000
1.243000
3.213000
1.482000
0.514000
0.679000
1.809000
1.941000
2.175000
1.634000
1.339000
3.352000
1.353000
1.836000
0.695000
1.524000
1.523000
1.576000
1.399000
1.873000
1.694000
2.015000
0.667000
2.563000
1.042000
0.932000
0.609000
2.818000
2.732000
1.762000
0.364000
3.327000
0.572000
3.801000
0.270000
1.746000
2.522000
2.992000
3.609000
1.532000
1.249000
3.560000
3.599000
3.605000
1.969000
1.180000
1.596000
1.156000
2.202000
1.314000
0.661000
2.562000
2.510000
0.458000
0.478000
2.820000
3.376000
2.587000
2.216000
2.646000
2.532000
2.496000
2.277000
1.348000
1.033000
3.122000
3.520000
4.000000
2.563000
2.951000
2.161000
2.606000
0.686000
0.261000
1.971000
3.207000
1.788000
3.652000
2.938000
0.927000
0.677000
1.085000
3.386000
3.001000
2.598000
2.524000
2.374000
1.347000
1.382000
0.750000
2.637000
1.626000
2.886000
1.879000
2.134000
0.566000
2.264000
2.836000
0.446000
2.559000
1.556000
1.150000
0.593000
0.452000
0.693000
1.780000
4.410000
1.528000
2.575000
3.545000
2.806000
3.118000
3.321000
1.765000
2.374000
3.015000
0.204000
2.621000
2.003000
0.627000
3.287000
1.269000
3.361000
3.337000
1.010000
2.494000
2.637000
2.218000
0.065000
0.468000
1.763000
1.683000
3.012000
1.646000
0.698000
3.128000
0.292000
2.968000
0.723000
2.535000
0.921000
3.736000
2.108000
1.367000
1.894000
3.456000
2.700000
0.409000
1.293000
1.350000
1.691000
0.272000
2.644000
0.579000
1.318000
1.998000
1.941000
3.070000
2.810000
3.164000
4.700000
1.709000
0.032000
0.618000
2.925000
2.622000
1.686000
2.262000
0.664000
3.398000
1.701000
1.658000
0.980000
1.364000
2.346000
3.476000
0.592000
2.470000
3.345000
2.299000
2.729000
1.879000
3.388000
4.018000
1.613000
2.739000
1.409000
3.384000
2.661000
0.652000
3.751000
1.139000
1.239000
1.097000
1.528000
1.287000
3.485000
2.714000
1.296000
4.411000
0.960000
0.535000
3.500000
2.232000
2.364000
0.230000
2.356000
3.561000
3.002000
3.267000
3.147000
0.528000
0.225000
3.249000
1.479000
3.275000
1.242000
3.453000
3.653000
4.567000
1.351000
0.138000
1.422000
0.962000
3.286000
3.184000
3.573000
1.151000
0.224000
3.306000
3.901000
0.930000
0.390000
0.362000
3.550000
1.364000
3.074000
3.084000
2.695000
2.578000
1.463000
3.148000
1.874000
2.715000
3.802000
3.562000
0.920000
2.804000
3.206000
0.983000
1.435000
2.758000
0.919000
0.223000
2.242000
2.212000
0.627000
0.343000
1.596000
0.676000
1.226000
0.539000
3.081000
3.875000
3.057000
3.483000
0.945000
1.146000
1.131000
2.545000
2.500000
2.590000
2.910000
1.428000
1.696000
2.623000
0.663000
0.536000
0.955000
1.179000
0.682000
3.237000
0.947000
1.271000
0.763000
0.962000
3.624000
1.530000
2.413000
0.767000
2.262000
0.956000
0.643000
4.721000
3.344000
1.800000
2.019000
1.139000
2.894000
1.221000
3.267000
0.924000
1.236000
1.468000
2.111000
1.804000
2.304000
0.354000
1.133000
2.875000
2.761000
2.307000
1.021000
2.832000
0.953000
0.455000
1.785000
0.932000
2.632000
2.833000
2.718000
1.297000
3.830000
1.932000
3.413000
1.370000
1.493000
1.901000
1.761000
2.252000
11.649000
0.490000
1.453000
2.107000
0.937000
3.282000
3.468000
2.065000
0.695000
1.860000
1.922000
0.647000
1.323000
0.884000
0.336000
1.511000
1.359000
2.404000
1.477000
1.739000
4.299000
2.788000
0.713000
0.535000
0.336000
0.677000
2.296000
2.840000
0.894000
0.703000
0.337000
2.624000
0.679000
0.401000
3.262000
0.322000
4.103000
1.714000
4.250000
4.608000
2.840000
0.664000
3.151000
2.082000
2.159000
2.015000
1.193000
1.093000
3.792000
3.328000
3.303000
0.628000
1.675000
2.658000
2.815000
1.059000
2.789000
3.592000
2.561000
0.717000
3.132000
1.267000
0.983000
0.275000
0.538000
1.318000
3.056000
1.836000
1.223000
2.314000
2.722000
3.209000
1.762000
2.932000
4.116000
0.915000
1.146000
0.296000
0.770000
2.158000
3.248000
1.313000
1.001000
1.487000
2.975000
2.827000
1.298000
2.957000
3.370000
1.811000
2.128000
3.619000
2.811000
1.324000
1.313000
3.380000
0.417000
0.407000
3.233000
1.697000
3.256000
0.923000
0.923000
0.576000
0.774000
0.266000
2.835000
3.868000
2.083000
0.391000
1.975000
1.282000
2.016000
1.464000
1.313000
1.103000
2.829000
1.778000
1.324000
2.484000
1.519000
1.008000
1.025000
1.136000
0.548000
1.478000
0.530000
0.808000
1.799000
0.463000
0.339000
1.281000
2.844000
1.344000
