2.769000
3.113000
2.074000
1.770000
1.255000
2.822000
2.354000
3.612000
0.997000
2.882000
1.774000
2.845000
2.760000
4.354000
3.739000
2.080000
0.800000
0.438000
4.696000
3.092000
3.588000
2.519000
3.302000
2.852000
2.640000
3.328000
2.187000
4.305000
1.229000
1.563000
2.887000
2.680000
2.059000
2.933000
1.160000
3.337000
4.452000
2.949000
0.558000
1.338000
1.722000
1.624000
2.791000
0.990000
2.337000
2.151000
2.594000
0.694000
2.927000
2.101000
2.566000
0.464000
3.688000
1.149000
0.490000
3.276000
1.208000
1.161000
0.782000
3.073000
0.661000
1.278000
2.880000
3.541000
1.049000
0.994000
2.754000
1.352000
2.644000
2.140000
1.453000
2.391000
2.647000
3.653000
2.881000
2.605000
2.948000
2.757000
0.929000
1.177000
1.608000
1.108000
1.502000
3.156000
2.723000
0.138000
2.801000
2.894000
1.480000
3.290000
2.005000
2.545000
2.609000
4.387000
4.310000
3.175000
0.982000
2.648000
3.921000
1.965000
0.934000
2.363000
2.886000
1.335000
3.592000
2.379000
2.927000
1.075000
1.031000
1.367000
2.075000
3.900000
2.707000
1.536000
2.722000
0.331000
0.473000
4.317000
4.581000
2.401000
1.329000
3.429000
1.771000
2.460000
3.572000
2.248000
0.058000
0.711000
0.588000
1.693000
0.909000
1.280000
1.372000
3.833000
0.852000
2.470000
2.881000
3.289000
4.211000
2.775000
1.752000
3.002000
1.055000
1.322000
0.379000
0.285000
3.682000
1.804000
0.341000
1.399000
1.802000
0.515000
4.407000
0.254000
2.014000
1.706000
1.401000
2.383000
1.803000
2.740000
0.335000
1.097000
2.577000
0.729000
3.248000
3.761000
1.680000
2.147000
3.258000
1.659000
3.039000
2.632000
1.492000
2.221000
1.604000
1.371000
1.626000
3.331000
2.529000
2.858000
3.301000
0.451000
2.629000
2.168000
3.372000
2.657000
0.506000
1.697000
3.164000
0.519000
0.946000
1.547000
0.341000
2.466000
2.504000
0.543000
0.434000
1.082000
2.803000
1.920000
2.863000
1.436000
2.825000
1.482000
2.382000
1.646000
0.975000
3.574000
2.085000
2.546000
0.906000
2.549000
1.842000
0.449000
1.274000
1.869000
2.848000
1.056000
2.389000
2.730000
0.687000
2.643000
3.402000
1.487000
1.618000
1.776000
0.575000
4.196000
3.786000
0.538000
2.957000
2.646000
3.685000
2.393000
2.700000
0.455000
2.523000
1.309000
1.255000
0.662000
0.436000
3.411000
0.677000
2.831000
2.592000
1.334000
3.155000
1.792000
2.601000
1.552000
2.899000
3.536000
2.832000
2.161000
4.275000
0.947000
4.343000
2.928000
3.932000
0.855000
0.338000
2.304000
2.691000
2.458000
3.187000
2.924000
0.602000
2.641000
0.558000
4.167000
3.177000
0.681000
3.341000
1.380000
3.099000
2.179000
2.479000
1.951000
1.772000
0.342000
1.449000
1.312000
0.926000
0.489000
1.400000
1.308000
2.030000
1.391000
1.615000
4.034000
3.466000
1.226000
0.926000
0.282000
3.878000
1.424000
1.014000
1.775000
2.286000
1.746000
3.580000
0.927000
1.300000
3.495000
1.692000
0.107000
3.146000
3.842000
2.584000
1.689000
1.655000
1.754000
3.418000
1.493000
1.143000
0.640000
2.323000
3.230000
0.713000
1.778000
2.278000
2.913000
3.640000
0.812000
2.423000
1.129000
1.878000
1.690000
1.259000
4.311000
3.629000
0.310000
2.597000
1.060000
1.434000
0.706000
0.635000
2.569000
2.684000
1.559000
2.711000
0.706000
2.506000
0.678000
1.115000
2.824000
2.982000
3.828000
1.109000
1.323000
1.567000
0.898000
4.154000
1.821000
3.613000
4.043000
2.916000
0.523000
3.453000
0.699000
2.282000
2.202000
0.048000
2.373000
1.050000
1.791000
1.335000
0.033000
1.001000
1.328000
2.570000
4.644000
0.786000
2.941000
0.935000
4.546000
3.295000
2.701000
1.725000
1.788000
2.769000
2.885000
1.038000
0.684000
1.100000
1.461000
3.539000
0.901000
4.490000
3.746000
4.785000
2.787000
1.771000
2.268000
2.896000
2.619000
0.363000
3.086000
3.772000
2.398000
0.784000
1.256000
1.012000
3.048000
2.027000
3.261000
3.243000
0.771000
1.119000
2.906000
1.297000
2.499000
2.370000
2.156000
1.389000
2.850000
0.243000
3.526000
2.929000
0.730000
3.322000
1.340000
3.406000
3.446000
2.088000
1.304000
4.660000
0.764000
2.314000
1.869000
0.731000
3.190000
0.036000
3.523000
1.585000
1.323000
0.990000
4.346000
1.398000
2.337000
1.031000
2.921000
2.493000
3.320000
2.807000
1.272000
3.385000
4.583000
3.628000
0.591000
3.473000
2.531000
2.860000
3.609000
3.323000
3.527000
0.517000
0.870000
3.943000
3.361000
2.827000
0.634000
1.241000
2.146000
2.374000
2.729000
3.544000
1.866000
2.839000
3.290000
3.010000
3.733000
1.850000
1.150000
2.596000
4.244000
3.764000
3.492000
4.692000
1.331000
2.146000
3.157000
1.325000
2.809000
0.660000
3.070000
3.639000
3.592000
1.870000
3.557000
2.928000
1.610000
1.990000
1.762000
3.372000
1.053000
1.604000
0.636000
3.894000
2.513000
3.694000
3.451000
1.629000
2.196000
1.560000
1.330000
0.080000
4.350000
2.069000
1.709000
1.553000
3.035000
1.620000
0.204000
1.195000
2.168000
2.910000
0.104000
1.564000
1.483000
1.169000
1.599000
4.378000
2.523000
3.889000
0.459000
2.605000
1.573000
1.118000
0.549000
0.605000
1.440000
1.698000
3.507000
1.166000
0.589000
1.613000
1.268000
2.221000
1.744000
1.683000
2.786000
2.010000
2.742000
0.643000
1.295000
2.913000
0.474000
0.953000
2.000000
2.540000
2.327000
0.153000
2.684000
2.761000
4.081000
2.947000
2.702000
2.825000
1.793000
2.598000
0.642000
0.737000
1.573000
1.640000
1.218000
3.292000
0.940000
1.756000
3.148000
1.315000
4.179000
0.966000
2.921000
3.854000
0.630000
1.368000
2.139000
2.032000
1.877000
0.592000
0.857000
2.385000
2.769000
1.687000
4.492000
0.628000
1.604000
3.023000
1.637000
2.358000
0.630000
0.692000
1.403000
1.066000
1.297000
4.448000
2.082000
2.897000
1.451000
2.138000
0.272000
0.885000
1.324000
2.353000
0.634000
3.394000
2.560000
3.032000
1.307000
1.455000
1.680000
0.049000
3.191000
2.780000
2.587000
2.930000
4.315000
3.199000
2.943000
2.826000
2.923000
2.362000
0.939000
2.602000
1.244000
2.543000
0.991000
0.562000
3.643000
2.490000
2.228000
1.027000
2.999000
0.882000
2.295000
3.454000
2.637000
4.096000
1.494000
2.909000
0.163000
3.749000
2.260000
2.355000
1.507000
0.368000
0.651000
4.483000
2.027000
3.441000
2.563000
1.761000
3.871000
3.622000
3.337000
0.676000
2.704000
2.080000
3.145000
2.372000
1.100000
1.306000
0.466000
3.473000
2.792000
1.554000
3.840000
1.000000
0.167000
2.582000
1.136000
0.628000
1.785000
1.732000
2.586000
2.083000
2.688000
0.423000
1.412000
1.249000
3.001000
4.358000
2.711000
4.140000
1.024000
3.305000
2.033000
1.543000
0.919000
3.346000
3.360000
0.689000
3.384000
0.621000
0.599000
1.780000
1.559000
0.554000
0.608000
4.226000
3.646000
1.528000
1.204000
1.751000
4.480000
2.908000
2.644000
2.545000
3.175000
1.873000
2.362000
2.231000
3.148000
0.190000
3.613000
3.171000
1.777000
2.512000
1.753000
4.282000
1.292000
2.073000
0.574000
2.069000
0.925000
0.929000
2.541000
2.714000
1.739000
1.332000
2.221000
3.496000
1.540000
2.687000
2.144000
0.183000
1.711000
3.541000
2.239000
1.871000
3.310000
4.390000
3.133000
0.578000
2.281000
0.972000
1.254000
2.384000
2.598000
1.218000
0.898000
2.799000
1.641000
0.421000
0.659000
2.883000
3.527000
2.676000
2.085000
3.468000
2.970000
2.691000
2.171000
1.270000
1.687000
1.681000
0.838000
2.910000
0.543000
2.196000
0.468000
3.385000
0.640000
1.312000
3.706000
2.483000
1.255000
1.626000
2.715000
4.329000
0.538000
0.032000
1.970000
3.640000
2.141000
0.494000
2.653000
3.694000
4.094000
2.938000
2.031000
0.508000
1.565000
1.696000
2.935000
1.512000
3.258000
0.929000
4.054000
0.926000
2.675000
1.765000
1.256000
2.933000
1.664000
1.932000
3.623000
3.479000
1.466000
0.662000
1.701000
3.593000
2.150000
2.005000
0.638000
2.860000
0.906000
3.129000
1.802000
1.017000
2.901000
2.146000
1.033000
1.078000
1.679000
1.217000
2.547000
1.804000
2.702000
2.705000
3.488000
1.585000
3.079000
3.049000
3.350000
1.859000
0.659000
1.744000
0.770000
3.405000
2.144000
3.251000
4.725000
4.462000
3.124000
3.409000
2.669000
3.495000
2.142000
3.474000
2.744000
1.546000
2.385000
2.875000
4.028000
3.738000
0.644000
0.460000
0.674000
0.694000
2.457000
3.237000
2.674000
1.115000
1.595000
3.228000
1.170000
1.011000
3.415000
1.868000
1.530000
1.100000
2.716000
2.661000
1.765000
0.293000
0.284000
3.999000
1.337000
1.868000
4.715000
1.251000
2.000000
1.458000
0.694000
0.531000
1.136000
0.561000
2.848000
0.531000
1.686000
3.470000
1.787000
1.138000
1.353000
2.001000
0.681000
2.558000
2.576000
4.029000
2.643000
0.286000
1.392000
1.158000
1.011000
2.511000
1.300000
2.357000
2.400000
3.465000
1.238000
3.367000
0.145000
0.696000
0.685000
2.785000
1.620000
2.654000
0.679000
1.702000
0.178000
2.307000
2.744000
0.831000
0.542000
1.596000
4.423000
1.629000
0.272000
1.696000
1.014000
1.458000
1.092000
2.275000
3.383000
3.559000
1.350000
2.255000
1.547000
1.173000
1.868000
1.400000
1.053000
2.634000
1.328000
1.326000
2.168000
1.181000
2.926000
0.675000
0.616000
2.570000
2.142000
2.645000
2.469000
3.576000
2.672000
0.624000
2.288000
2.904000
1.356000
3.092000
3.714000
2.036000
1.785000
3.381000
1.715000
1.273000
3.489000
2.527000
2.514000
3.601000
2.540000
3.509000
0.598000
0.920000
1.693000
0.722000
2.909000
2.681000
1.683000
0.665000
2.174000
2.109000
2.752000
1.897000
3.810000
2.899000
2.332000
1.543000
2.976000
3.033000
0.747000
2.905000
2.198000
0.666000
1.149000
1.312000
0.671000
1.598000
3.338000
1.508000
1.514000
0.202000
0.589000
4.487000
2.468000
0.837000
2.015000
2.761000
0.540000
2.665000
1.848000
1.354000
0.567000
1.572000
0.961000
1.377000
2.932000
2.513000
3.737000
1.595000
1.468000
2.384000
3.196000
1.695000
4.253000
3.788000
1.598000
2.624000
2.889000
0.450000
0.936000
0.190000
1.633000
0.587000
0.741000
0.142000
1.317000
3.525000
2.925000
1.117000
1.157000
2.251000
3.159000
0.504000
3.839000
1.673000
0.470000
0.646000
0.659000
2.064000
3.794000
1.232000
2.710000
0.332000
0.766000
3.993000
3.675000
3.174000
2.715000
2.746000
3.495000
1.307000
2.911000
3.194000
3.694000
1.379000
0.695000
2.643000
0.458000
2.345000
3.048000
3.766000
1.687000
3.668000
2.928000
1.870000
2.680000
1.772000
2.684000
1.205000
1.865000
1.901000
1.553000
2.331000
0.195000
1.547000
3.058000
4.043000
0.984000
1.787000
2.727000
2.718000
1.320000
1.692000
0.782000
3.518000
2.809000
4.549000
1.238000
2.774000
2.393000
3.837000
1.780000
3.164000
3.479000
0.839000
1.772000
0.576000
1.131000
3.515000
1.211000
2.947000
4.210000
3.146000
2.582000
3.378000
1.169000
3.895000
2.522000
2.802000
3.211000
0.842000
2.973000
1.618000
1.334000
2.493000
1.995000
1.105000
2.552000
2.495000
4.423000
2.662000
4.005000
2.586000
4.113000
3.493000
1.882000
2.611000
0.704000
2.383000
0.497000
2.842000
3.250000
0.682000
3.536000
3.072000
3.600000
4.383000
2.819000
1.306000
3.397000
4.307000
1.387000
1.734000
2.192000
3.655000
4.014000
1.341000
0.929000
1.850000
0.917000
1.034000
0.601000
3.364000
2.080000
0.908000
3.879000
0.911000
0.611000
4.008000
3.033000
0.776000
1.273000
1.024000
0.570000
1.863000
0.904000
2.864000
2.156000
3.498000
3.124000
4.183000
1.219000
2.084000
3.477000
2.788000
1.739000
0.793000
1.043000
3.941000
3.433000
0.729000
1.132000
1.164000
1.640000
3.205000
2.927000
0.375000
2.356000
1.095000
1.391000
0.645000
3.334000
1.560000
1.037000
0.854000
1.583000
1.267000
2.930000
3.621000
1.839000
0.515000
2.057000
1.497000
2.898000
1.431000
0.643000
0.948000
3.340000
1.897000
0.811000
3.558000
1.896000
0.935000
3.729000
1.296000
4.022000
2.770000
1.256000
0.680000
2.071000
2.550000
3.186000
3.308000
2.211000
1.116000
4.114000
2.906000
1.641000
3.350000
0.696000
4.866000
3.313000
0.561000
2.807000
2.944000
1.321000
4.308000
1.716000
0.853000
0.173000
2.957000
0.958000
1.402000
1.555000
0.345000
0.938000
2.826000
1.498000
3.360000
2.422000
0.496000
0.492000
0.811000
2.473000
1.160000
2.862000
1.200000
3.180000
2.598000
1.421000
3.318000
0.902000
3.314000
1.026000
1.358000
1.341000
0.653000
1.219000
1.998000
1.770000
2.843000
3.214000
2.605000
2.859000
0.650000
0.672000
3.468000
2.921000
0.552000
1.330000
2.717000
3.506000
3.366000
3.634000
3.831000
2.578000
1.697000
3.772000
2.363000
3.333000
3.884000
3.556000
3.334000
0.594000
1.158000
2.337000
2.778000
3.338000
2.825000
0.630000
2.962000
2.542000
1.554000
3.295000
3.720000
3.734000
1.731000
2.932000
0.503000
3.612000
3.939000
3.428000
1.309000
1.284000
0.343000
2.720000
1.325000
1.620000
3.447000
1.116000
2.748000
3.625000
3.044000
2.831000
2.336000
1.317000
2.659000
0.579000
0.679000
1.654000
1.596000
0.648000
2.348000
4.059000
3.748000
1.260000
2.856000
2.677000
0.697000
2.688000
3.508000
1.554000
3.416000
0.649000
0.870000
0.651000
0.247000
1.318000
0.937000
2.659000
2.537000
2.942000
3.668000
1.761000
2.374000
4.365000
1.469000
0.973000
3.301000
2.727000
2.802000
3.452000
2.834000
2.901000
1.273000
1.274000
1.405000
2.698000
2.520000
0.821000
3.656000
0.356000
2.030000
1.607000
0.578000
3.024000
3.929000
0.337000
2.528000
2.290000
2.730000
0.722000
1.752000
1.502000
1.192000
1.266000
3.059000
0.929000
3.192000
0.860000
3.457000
1.157000
1.738000
3.669000
4.534000
0.685000
1.239000
0.497000
0.680000
1.947000
1.108000
1.331000
3.799000
2.038000
3.242000
0.290000
2.317000
3.045000
2.782000
1.118000
4.644000
2.333000
2.792000
2.518000
1.291000
3.315000
3.902000
3.674000
2.803000
3.482000
2.655000
1.412000
1.575000
1.623000
1.091000
3.825000
1.517000
1.910000
3.255000
1.227000
0.901000
1.150000
1.325000
3.127000
3.441000
0.684000
2.990000
3.965000
0.939000
2.394000
3.376000
0.094000
1.303000
0.133000
2.503000
1.987000
1.334000
2.459000
1.289000
1.301000
1.789000
3.581000
0.191000
2.688000
2.434000
1.630000
3.519000
4.214000
2.913000
1.355000
1.005000
4.701000
3.236000
3.673000
3.472000
2.400000
1.654000
1.887000
2.781000
3.770000
4.152000
4.924000
1.447000
3.087000
2.261000
1.284000
3.547000
2.713000
1.449000
2.280000
1.511000
1.753000
2.650000
0.726000
2.433000
0.657000
2.688000
3.031000
3.736000
1.729000
1.839000
1.772000
1.454000
3.588000
2.782000
2.164000
3.421000
0.146000
0.696000
1.508000
2.614000
0.631000
2.872000
1.195000
1.716000
1.976000
2.025000
3.708000
2.686000
2.344000
2.159000
1.839000
2.681000
1.568000
1.860000
2.665000
4.613000
1.424000
2.540000
2.562000
1.304000
1.359000
3.036000
2.864000
1.117000
0.355000
2.718000
1.319000
2.721000
3.106000
3.763000
2.605000
1.513000
1.487000
1.698000
3.159000
1.522000
3.694000
4.753000
0.694000
2.550000
2.221000
1.791000
3.937000
2.642000
3.905000
3.403000
0.660000
2.760000
2.339000
1.382000
0.972000
3.587000
1.316000
0.619000
4.079000
1.369000
1.956000
3.018000
1.632000
2.676000
1.550000
1.471000
2.625000
1.547000
2.719000
2.520000
1.759000
1.241000
3.409000
2.710000
3.607000
1.626000
0.471000
0.885000
3.172000
0.696000
4.438000
2.717000
2.244000
2.476000
3.497000
2.146000
1.033000
0.931000
4.271000
0.925000
1.037000
2.539000
2.532000
1.084000
3.319000
2.813000
0.560000
3.544000
0.602000
1.729000
1.615000
1.819000
2.661000
2.751000
2.760000
1.319000
0.328000
3.455000
1.408000
2.630000
3.070000
1.865000
2.427000
3.412000
3.535000
2.754000
1.763000
2.530000
4.098000
3.347000
1.463000
1.361000
1.310000
2.368000
0.587000
1.237000
1.228000
2.507000
2.814000
2.840000
2.470000
0.693000
0.929000
2.493000
2.353000
4.582000
3.650000
2.920000
3.285000
3.523000
1.043000
2.686000
1.320000
2.214000
2.897000
1.780000
1.197000
0.919000
1.214000
1.323000
0.913000
2.682000
3.425000
0.694000
2.674000
2.567000
2.962000
2.744000
3.955000
3.170000
2.385000
2.603000
3.407000
1.350000
1.276000
0.734000
0.651000
1.311000
1.357000
2.562000
2.612000
3.196000
3.335000
1.108000
1.325000
0.900000
1.884000
4.182000
2.437000
3.372000
1.800000
0.665000
1.247000
3.299000
3.527000
0.640000
2.526000
0.654000
0.945000
1.044000
0.667000
2.599000
1.764000
1.775000
3.991000
1.633000
0.958000
1.331000
0.921000
1.756000
3.598000
3.768000
3.243000
1.208000
2.604000
2.935000
0.937000
1.552000
3.056000
2.651000
0.482000
2.383000
0.582000
1.693000
1.324000
3.788000
1.099000
1.923000
1.687000
3.644000
1.290000
1.329000
1.698000
1.634000
2.949000
1.319000
2.386000
2.881000
3.546000
2.642000
1.619000
2.597000
1.309000
2.501000
1.043000
3.418000
1.419000
1.422000
1.216000
1.561000
1.293000
1.330000
0.708000
0.391000
2.507000
1.314000
2.892000
2.891000
2.135000
1.566000
1.768000
0.610000
0.681000
1.242000
3.500000
1.239000
1.118000
2.358000
1.418000
2.897000
2.403000
0.416000
2.723000
1.520000
1.272000
1.241000
1.006000
0.811000
3.216000
1.753000
1.294000
1.132000
1.844000
1.296000
2.942000
2.771000
1.758000
1.185000
1.845000
1.577000
1.143000
1.658000
1.451000
2.007000
2.019000
1.293000
1.762000
1.305000
0.929000
1.510000
0.675000
1.913000
0.339000
0.816000
2.839000
0.335000
1.169000
2.744000
1.299000
1.325000
1.308000
1.934000
2.885000
1.307000
0.664000
0.288000
1.854000
2.841000
1.562000
1.627000
2.898000
2.047000
0.809000
1.757000
2.853000
1.836000
1.779000
1.466000
2.529000
0.355000
1.367000
1.801000
1.316000
1.062000
5.137000
2.897000
2.556000
0.930000
1.496000
1.349000
1.296000
2.270000
2.920000
2.544000
1.630000
1.639000
0.585000
0.660000
1.527000
1.281000
3.907000
1.122000
3.407000
4.432000
1.082000
2.123000
1.486000
2.924000
0.658000
1.966000
1.731000
1.627000
2.641000
1.789000
1.639000
3.210000
2.899000
3.063000
1.609000
2.737000
1.266000
0.617000
4.267000
2.877000
3.091000
1.304000
2.772000
1.338000
0.509000
1.463000
0.889000
3.530000
1.235000
1.867000
2.158000
1.850000
2.275000
2.783000
2.505000
1.426000
2.598000
0.296000
1.314000
3.513000
2.602000
1.613000
1.220000
2.082000
2.607000
1.308000
2.699000
1.492000
2.633000
1.623000
2.928000
1.550000
1.238000
1.476000
1.331000
2.677000
1.319000
1.814000
2.890000
1.322000
0.535000
2.690000
1.307000
2.292000
1.139000
1.696000
4.029000
3.053000
0.303000
1.347000
2.809000
1.459000
3.857000
1.319000
1.622000
1.563000
0.624000
2.784000
1.332000
0.108000
1.588000
0.340000
0.667000
1.240000
0.295000
1.627000
1.319000
1.547000
2.787000
2.144000
0.440000
1.154000
2.108000
1.944000
1.381000
1.147000
1.075000
2.799000
1.645000
1.580000
1.426000
3.174000
1.321000
1.131000
2.877000
1.340000
2.784000
3.300000
2.753000
2.896000
1.673000
1.320000
2.791000
1.488000
1.291000
1.735000
1.554000
1.177000
3.567000
1.563000
1.306000
1.123000
1.482000
2.190000
0.791000
0.423000
0.596000
1.305000
3.110000
1.236000
1.320000
1.807000
1.558000
0.338000
1.157000
1.298000
2.670000
1.033000
1.883000
2.396000
0.542000
0.273000
1.346000
1.094000
3.387000
1.323000
1.554000
2.769000
2.114000
2.426000
1.889000
1.323000
2.857000
1.209000
2.938000
0.336000
2.722000
0.564000
3.362000
1.325000
3.637000
1.314000
0.787000
1.808000
2.815000
1.052000
0.931000
1.188000
0.939000
1.331000
0.965000
1.366000
0.714000
1.140000
2.796000
2.838000
2.399000
1.288000
1.630000
1.591000
1.055000
2.744000
4.174000
1.306000
0.425000
0.996000
1.312000
0.404000
2.788000
1.287000
1.138000
0.856000
1.073000
0.491000
1.033000
1.315000
2.334000
1.696000
0.844000
0.332000
1.582000
1.618000
2.958000
0.441000
1.874000
0.670000
1.695000
1.922000
0.353000
4.275000
1.323000
0.336000
1.296000
0.781000
1.245000
1.968000
1.109000
1.094000
3.728000
1.071000
