2.703000
1.281000
3.791000
0.695000
3.436000
3.982000
4.128000
3.615000
2.504000
3.022000
1.002000
1.889000
2.067000
2.570000
2.195000
1.602000
0.494000
1.904000
1.270000
2.326000
2.788000
0.942000
3.512000
4.242000
1.678000
0.686000
3.503000
2.924000
0.532000
1.787000
3.470000
4.571000
3.275000
1.393000
4.457000
0.927000
4.312000
1.334000
3.592000
2.852000
1.920000
2.803000
1.137000
1.282000
3.617000
0.085000
2.784000
3.188000
2.144000
0.357000
1.249000
2.579000
3.436000
2.725000
3.521000
2.826000
3.260000
0.879000
1.501000
2.798000
2.047000
3.884000
1.754000
2.784000
2.932000
1.827000
1.605000
2.941000
2.281000
2.375000
4.117000
0.584000
1.692000
1.254000
3.490000
3.427000
4.275000
2.262000
1.003000
2.373000
3.650000
1.345000
2.667000
1.236000
3.245000
1.351000
2.789000
2.933000
3.329000
2.559000
4.013000
1.751000
2.321000
4.553000
1.610000
4.477000
2.030000
2.676000
2.719000
3.830000
3.237000
1.320000
2.855000
3.954000
2.321000
3.810000
2.334000
2.490000
1.626000
2.800000
3.489000
3.234000
1.567000
2.735000
2.743000
0.448000
2.362000
1.875000
2.658000
2.774000
3.693000
3.641000
3.772000
1.363000
0.590000
1.566000
0.447000
3.671000
1.338000
1.029000
2.921000
4.189000
1.280000
3.359000
0.656000
1.904000
1.334000
0.585000
1.847000
0.683000
0.907000
3.493000
1.213000
2.560000
0.497000
3.024000
2.815000
2.940000
1.444000
2.626000
1.856000
2.869000
2.703000
3.539000
1.803000
1.351000
1.373000
1.874000
3.048000
2.214000
3.993000
1.580000
0.666000
1.641000
1.061000
3.617000
1.042000
2.522000
1.219000
4.370000
4.123000
3.200000
2.936000
4.301000
2.058000
0.801000
2.934000
1.067000
2.911000
4.330000
2.779000
3.458000
1.338000
3.336000
2.702000
0.836000
2.703000
1.577000
2.896000
2.894000
1.924000
0.686000
2.360000
1.334000
2.076000
0.579000
0.651000
3.616000
1.438000
2.928000
2.002000
4.793000
4.300000
1.570000
2.921000
4.127000
3.577000
1.852000
3.790000
4.491000
2.629000
1.508000
0.336000
2.949000
1.313000
3.910000
1.590000
3.406000
2.748000
2.364000
2.937000
4.955000
2.764000
1.316000
2.335000
0.613000
1.291000
1.307000
0.099000
1.179000
2.549000
1.249000
1.256000
1.762000
1.636000
2.752000
2.855000
1.294000
2.248000
1.035000
1.936000
1.781000
2.403000
0.672000
3.074000
2.090000
1.237000
3.274000
1.286000
2.812000
2.372000
4.476000
1.305000
1.414000
0.996000
2.343000
4.548000
0.656000
4.267000
2.809000
0.488000
1.843000
2.190000
0.622000
2.781000
3.261000
4.471000
1.265000
1.899000
0.808000
1.061000
4.111000
3.931000
1.566000
0.579000
1.465000
1.709000
2.120000
2.903000
0.454000
1.837000
1.766000
1.771000
3.467000
1.300000
3.892000
2.926000
2.924000
1.745000
3.799000
0.924000
2.079000
1.384000
1.939000
2.921000
0.494000
3.656000
0.577000
0.939000
2.801000
1.637000
1.814000
1.299000
1.162000
3.754000
3.731000
0.397000
1.257000
1.769000
0.629000
1.312000
2.752000
1.549000
1.485000
0.825000
1.774000
2.930000
2.510000
0.850000
3.444000
2.227000
3.272000
2.941000
3.810000
2.930000
1.567000
3.405000
4.564000
1.130000
0.771000
2.515000
1.219000
3.533000
3.716000
4.622000
1.294000
2.916000
1.584000
2.153000
3.500000
2.852000
0.946000
0.535000
3.156000
5.363000
0.601000
2.684000
1.243000
1.708000
2.132000
1.815000
2.120000
1.074000
1.472000
1.316000
3.160000
1.552000
4.468000
3.810000
2.121000
1.500000
2.936000
2.929000
0.658000
2.527000
1.304000
4.842000
1.351000
2.350000
1.749000
2.138000
2.248000
0.280000
2.841000
0.760000
3.155000
2.856000
2.829000
2.914000
2.224000
3.067000
4.507000
3.447000
4.335000
2.356000
1.472000
1.139000
1.220000
2.771000
0.604000
2.797000
1.777000
0.337000
2.677000
1.873000
0.910000
1.730000
0.833000
1.629000
3.667000
1.731000
2.757000
1.726000
2.856000
3.564000
1.625000
3.295000
1.587000
1.709000
1.340000
1.284000
0.458000
2.341000
0.676000
1.758000
1.683000
2.961000
2.011000
3.424000
2.940000
0.652000
4.209000
0.277000
1.837000
3.426000
2.343000
1.898000
2.942000
2.928000
1.304000
3.733000
1.868000
1.017000
3.552000
2.099000
4.153000
2.482000
1.335000
1.551000
2.729000
1.326000
1.760000
3.448000
3.656000
1.740000
3.513000
2.991000
1.308000
2.855000
0.582000
1.775000
0.876000
2.595000
0.658000
2.817000
0.843000
1.764000
3.423000
0.928000
3.572000
2.511000
1.571000
0.600000
2.085000
2.371000
1.355000
2.848000
4.410000
1.332000
2.925000
1.423000
0.573000
2.806000
1.592000
2.584000
2.333000
4.046000
1.311000
2.869000
0.571000
2.096000
4.196000
1.417000
0.775000
1.309000
1.821000
0.673000
2.820000
1.106000
2.461000
0.674000
3.923000
0.621000
1.343000
1.437000
1.256000
2.949000
1.209000
2.417000
2.916000
3.504000
0.940000
3.846000
2.923000
1.024000
4.080000
2.656000
2.587000
1.344000
0.899000
0.431000
2.575000
0.944000
1.729000
1.002000
1.829000
0.664000
3.165000
0.338000
2.106000
2.921000
3.966000
0.885000
1.875000
1.307000
0.871000
0.952000
2.927000
0.500000
4.550000
1.112000
4.059000
1.560000
2.910000
4.074000
0.426000
4.088000
2.737000
0.653000
2.897000
3.800000
3.597000
1.604000
4.380000
1.642000
1.579000
2.136000
0.090000
0.788000
1.756000
1.369000
2.281000
1.312000
2.513000
1.098000
3.787000
3.218000
2.831000
2.334000
1.777000
4.368000
3.569000
2.739000
1.614000
0.590000
1.214000
3.361000
3.237000
3.443000
2.119000
2.416000
1.336000
1.410000
1.607000
1.309000
1.639000
1.594000
1.809000
3.693000
1.619000
3.274000
1.623000
2.617000
0.632000
0.894000
2.915000
3.185000
4.258000
3.763000
1.126000
0.970000
1.341000
3.416000
3.208000
2.811000
2.991000
2.913000
0.699000
1.269000
1.845000
3.870000
2.022000
1.092000
0.624000
0.637000
2.869000
2.842000
1.455000
3.394000
4.623000
2.346000
1.102000
0.760000
0.503000
2.842000
1.312000
4.287000
3.010000
2.073000
0.458000
3.306000
4.485000
1.244000
1.801000
1.181000
3.709000
4.466000
2.625000
1.587000
0.295000
1.419000
5.763000
3.281000
4.488000
2.611000
3.293000
3.326000
1.637000
2.796000
1.040000
2.015000
4.032000
3.431000
1.419000
3.613000
2.807000
4.701000
2.681000
4.293000
1.758000
1.077000
0.917000
2.928000
1.187000
0.795000
1.473000
1.349000
2.807000
0.579000
2.158000
2.221000
2.772000
3.540000
3.865000
3.872000
4.303000
1.156000
2.910000
2.903000
1.602000
2.922000
1.093000
1.800000
1.263000
3.783000
4.899000
1.328000
1.791000
2.289000
1.749000
1.067000
4.518000
3.989000
0.607000
2.768000
2.878000
1.692000
1.624000
1.671000
3.858000
4.481000
0.342000
0.903000
4.635000
2.855000
2.629000
3.518000
3.380000
2.893000
1.058000
2.376000
2.411000
3.941000
3.564000
0.342000
2.749000
3.910000
1.805000
0.689000
2.020000
0.749000
1.429000
1.208000
3.399000
3.521000
1.613000
4.355000
0.730000
4.334000
1.310000
1.563000
1.304000
3.640000
0.357000
3.771000
3.162000
1.313000
0.890000
1.754000
2.085000
0.914000
3.368000
2.630000
4.119000
2.873000
0.856000
2.138000
3.641000
3.523000
2.925000
2.675000
1.811000
4.204000
0.092000
2.934000
0.902000
0.930000
1.088000
2.657000
3.885000
2.927000
4.599000
4.391000
2.642000
0.325000
4.399000
2.925000
1.052000
2.545000
3.456000
1.007000
1.757000
1.480000
0.554000
3.582000
2.367000
2.016000
3.847000
4.263000
4.457000
3.658000
1.100000
1.773000
1.788000
3.851000
3.180000
0.625000
1.523000
1.162000
1.308000
1.057000
0.684000
3.351000
3.951000
0.928000
2.770000
2.083000
0.784000
0.801000
1.256000
1.817000
2.982000
2.325000
2.833000
2.526000
3.156000
1.046000
3.924000
0.931000
0.609000
3.832000
2.898000
0.484000
4.890000
0.973000
0.786000
3.654000
1.227000
1.696000
2.900000
1.289000
0.884000
2.836000
1.552000
2.766000
1.823000
2.260000
1.324000
0.941000
1.116000
0.992000
1.875000
0.623000
2.617000
1.560000
3.974000
0.992000
0.824000
3.551000
2.066000
1.778000
2.742000
3.301000
3.278000
0.598000
4.366000
1.557000
1.678000
1.825000
1.734000
0.466000
2.658000
1.615000
2.105000
1.855000
2.115000
1.846000
0.785000
2.769000
1.738000
1.314000
1.584000
2.630000
1.536000
2.878000
0.621000
4.289000
1.593000
2.642000
4.420000
2.770000
3.399000
2.094000
3.370000
1.290000
3.868000
4.208000
2.721000
1.596000
2.784000
1.130000
1.553000
1.277000
3.456000
2.593000
2.607000
2.913000
2.019000
1.334000
2.858000
1.851000
3.738000
3.694000
1.289000
1.370000
3.223000
2.856000
1.275000
2.736000
2.286000
1.689000
1.803000
3.829000
1.764000
0.422000
3.869000
1.320000
3.683000
2.779000
2.152000
1.792000
0.615000
2.406000
5.045000
1.308000
1.754000
2.991000
2.726000
2.823000
1.744000
0.809000
0.615000
2.138000
2.574000
0.413000
2.508000
3.922000
4.573000
5.530000
3.559000
0.808000
1.741000
3.496000
3.483000
3.764000
3.669000
3.013000
2.672000
2.120000
2.586000
1.423000
1.792000
0.815000
0.486000
3.252000
1.777000
2.606000
0.798000
2.261000
0.766000
0.708000
1.744000
1.189000
4.548000
2.927000
1.321000
1.383000
1.123000
1.068000
2.703000
4.427000
2.918000
0.776000
1.727000
2.142000
3.693000
0.565000
2.917000
0.851000
1.162000
0.888000
3.421000
2.090000
0.415000
1.671000
2.762000
2.468000
0.796000
1.779000
0.411000
0.389000
2.874000
0.581000
1.563000
1.083000
0.830000
1.522000
3.428000
0.911000
2.349000
3.227000
0.850000
1.646000
3.191000
1.219000
3.500000
1.389000
2.649000
1.485000
4.007000
2.609000
1.688000
3.842000
2.797000
0.967000
1.100000
1.913000
1.068000
1.388000
4.372000
1.289000
4.345000
1.731000
3.589000
1.500000
0.767000
3.020000
0.894000
3.452000
1.035000
3.350000
3.690000
3.216000
1.608000
0.669000
1.136000
2.860000
2.836000
3.437000
1.804000
1.641000
0.708000
1.126000
2.318000
2.950000
1.308000
3.555000
0.623000
2.929000
0.318000
1.769000
3.973000
3.753000
2.237000
3.008000
1.095000
1.892000
2.544000
2.026000
2.747000
1.772000
1.075000
2.112000
1.782000
3.404000
2.934000
1.339000
1.811000
1.568000
3.607000
0.290000
2.644000
3.752000
2.629000
2.795000
2.741000
2.791000
0.574000
2.101000
3.689000
1.599000
1.116000
4.607000
3.507000
2.685000
0.447000
2.697000
1.609000
2.353000
3.493000
1.303000
2.919000
0.507000
3.297000
1.852000
1.170000
1.122000
1.278000
1.316000
2.845000
0.914000
1.070000
1.315000
3.186000
0.924000
2.343000
1.498000
1.280000
3.395000
0.799000
2.880000
1.229000
0.681000
1.402000
3.348000
3.511000
3.516000
1.522000
0.597000
3.213000
3.618000
3.986000
1.715000
0.384000
1.346000
0.678000
3.865000
1.335000
2.065000
1.849000
3.916000
3.017000
1.580000
3.184000
1.755000
2.912000
0.614000
2.260000
0.607000
1.253000
2.903000
2.015000
2.887000
0.336000
0.335000
2.846000
1.878000
1.279000
4.168000
0.661000
1.431000
3.370000
2.388000
2.040000
0.593000
1.537000
2.920000
2.739000
3.874000
0.584000
3.307000
2.536000
1.369000
4.029000
1.765000
3.489000
0.367000
2.645000
1.914000
3.222000
2.930000
0.871000
2.755000
1.807000
1.626000
3.932000
0.478000
4.851000
3.156000
0.722000
4.408000
2.727000
2.285000
1.296000
1.686000
3.588000
3.484000
1.231000
1.811000
2.354000
0.639000
2.838000
2.667000
4.440000
1.220000
3.512000
1.301000
1.260000
3.554000
3.169000
3.911000
0.785000
3.138000
3.499000
0.575000
2.915000
0.521000
1.960000
0.606000
2.357000
2.943000
1.745000
1.745000
2.780000
1.689000
3.622000
3.515000
0.872000
3.061000
0.491000
4.011000
2.647000
2.626000
3.914000
2.933000
2.603000
3.481000
0.292000
2.672000
3.301000
2.112000
0.928000
1.356000
2.769000
0.466000
2.879000
0.589000
0.768000
4.050000
1.193000
1.761000
3.529000
4.226000
0.976000
1.336000
1.385000
1.643000
3.813000
3.466000
1.595000
2.833000
1.650000
2.592000
3.216000
1.611000
4.213000
2.116000
3.691000
3.537000
1.053000
2.826000
0.833000
1.306000
1.208000
2.701000
0.934000
1.403000
1.937000
1.421000
1.377000
1.709000
1.826000
3.780000
3.782000
4.437000
3.291000
2.864000
2.101000
4.624000
0.785000
1.311000
1.102000
3.870000
0.435000
2.289000
0.788000
2.262000
1.256000
1.035000
3.390000
1.291000
1.328000
2.357000
0.665000
4.423000
1.571000
2.057000
1.613000
2.914000
2.924000
2.915000
0.683000
1.792000
1.330000
3.674000
0.741000
1.802000
2.131000
0.610000
1.889000
2.763000
1.260000
2.379000
2.907000
2.881000
1.062000
0.562000
0.407000
1.604000
1.471000
3.396000
2.094000
4.191000
0.941000
2.874000
2.743000
4.595000
4.009000
0.830000
4.279000
2.925000
0.047000
4.482000
1.642000
1.253000
3.994000
2.823000
3.603000
1.549000
1.343000
2.856000
0.464000
4.004000
3.632000
2.849000
4.113000
0.861000
0.533000
3.674000
1.773000
1.433000
4.511000
1.766000
1.880000
3.616000
3.827000
2.407000
4.751000
2.925000
1.876000
0.696000
0.809000
1.067000
0.874000
0.307000
0.570000
1.242000
3.453000
2.094000
1.200000
1.256000
1.340000
1.212000
3.084000
1.314000
3.827000
2.689000
1.732000
3.319000
2.883000
1.371000
0.640000
3.227000
2.064000
3.462000
1.617000
1.252000
0.874000
2.653000
1.319000
2.127000
1.174000
4.404000
1.054000
4.666000
0.830000
1.852000
0.917000
1.585000
1.626000
2.565000
1.323000
1.313000
1.855000
1.237000
1.467000
2.906000
0.656000
0.133000
2.873000
2.808000
0.553000
1.862000
1.497000
1.492000
4.460000
1.229000
2.908000
2.644000
1.666000
2.799000
0.488000
1.247000
1.505000
2.843000
0.676000
1.787000
1.300000
2.110000
1.091000
2.639000
2.852000
4.480000
1.692000
0.771000
2.365000
1.521000
3.433000
1.861000
3.176000
1.295000
1.350000
4.199000
1.759000
0.181000
1.321000
4.222000
2.664000
2.852000
0.622000
1.624000
1.739000
3.298000
3.438000
1.716000
2.741000
5.113000
1.006000
1.313000
3.518000
1.318000
2.322000
4.404000
1.712000
2.731000
3.942000
2.563000
1.823000
1.491000
2.037000
2.113000
0.537000
2.522000
0.944000
2.808000
3.705000
1.625000
2.314000
2.595000
4.583000
2.564000
1.100000
2.847000
1.299000
4.116000
0.902000
0.466000
0.932000
1.392000
1.102000
2.026000
2.716000
1.596000
0.590000
2.019000
1.598000
4.308000
1.736000
3.495000
1.562000
1.313000
3.365000
0.339000
2.014000
3.804000
1.441000
1.330000
2.356000
0.620000
2.137000
1.742000
1.460000
2.252000
1.756000
1.066000
1.076000
0.235000
0.607000
0.338000
3.772000
0.856000
0.638000
0.587000
1.863000
0.966000
1.605000
0.764000
2.676000
0.554000
2.767000
2.800000
1.213000
3.980000
1.867000
4.241000
1.228000
4.140000
3.778000
2.140000
3.688000
0.546000
0.912000
2.808000
1.722000
2.136000
2.378000
2.137000
1.828000
3.698000
2.948000
1.259000
1.839000
2.619000
3.794000
2.911000
1.737000
0.606000
1.559000
1.380000
1.760000
3.535000
2.835000
1.856000
1.668000
3.042000
3.663000
0.912000
3.368000
2.310000
4.470000
1.744000
2.771000
3.899000
0.842000
1.553000
1.517000
1.651000
1.533000
2.759000
3.827000
5.298000
3.199000
1.305000
1.443000
2.086000
1.475000
3.927000
1.859000
3.182000
1.659000
1.610000
2.317000
3.304000
1.838000
1.282000
1.192000
3.872000
3.501000
2.364000
0.930000
1.311000
0.940000
3.411000
2.129000
0.584000
1.193000
3.714000
1.838000
2.337000
0.941000
1.153000
4.299000
2.863000
2.678000
2.514000
3.691000
2.130000
3.356000
0.612000
4.807000
0.615000
2.762000
2.756000
2.106000
2.678000
0.128000
0.929000
2.138000
2.715000
0.971000
1.297000
1.327000
3.310000
1.049000
4.537000
0.825000
0.304000
3.527000
1.789000
1.786000
1.331000
4.788000
1.594000
3.508000
2.750000
1.547000
1.991000
1.857000
3.314000
2.083000
3.060000
1.579000
3.211000
3.097000
0.698000
1.830000
2.266000
1.768000
2.045000
4.019000
0.563000
2.899000
0.076000
2.916000
2.018000
3.401000
2.858000
0.755000
3.290000
3.265000
3.920000
3.632000
2.811000
4.311000
1.183000
3.826000
2.753000
1.457000
0.585000
3.769000
1.805000
4.490000
0.568000
0.919000
1.297000
1.776000
2.889000
2.779000
2.952000
4.439000
2.010000
2.773000
2.735000
1.981000
0.904000
2.567000
1.767000
2.854000
3.351000
1.255000
1.331000
4.586000
2.810000
1.638000
4.284000
3.276000
2.007000
1.958000
1.017000
1.781000
1.697000
0.342000
2.865000
1.714000
3.628000
2.883000
0.342000
0.837000
1.031000
2.713000
3.064000
3.194000
1.320000
0.672000
2.733000
4.626000
2.580000
3.674000
1.126000
1.200000
0.743000
3.662000
1.324000
1.678000
4.099000
2.098000
0.859000
0.835000
4.337000
3.670000
2.140000
1.119000
1.689000
2.681000
1.827000
1.641000
3.375000
1.855000
2.424000
2.716000
3.810000
1.600000
3.743000
3.326000
1.789000
2.651000
2.245000
1.804000
2.078000
1.089000
0.911000
2.780000
1.561000
0.639000
1.873000
1.314000
1.828000
1.627000
0.994000
2.014000
0.326000
5.103000
3.949000
1.557000
2.143000
2.784000
0.940000
3.750000
1.491000
3.711000
4.044000
1.508000
3.625000
3.959000
0.973000
1.277000
1.134000
0.614000
3.465000
2.350000
3.068000
3.438000
1.311000
5.009000
3.899000
3.964000
0.729000
2.642000
3.495000
2.826000
0.083000
2.003000
4.503000
2.262000
2.131000
0.600000
0.713000
2.815000
3.078000
2.328000
3.915000
1.471000
3.585000
2.844000
3.450000
0.561000
0.908000
2.725000
1.682000
0.821000
0.870000
3.954000
1.744000
1.031000
2.142000
3.825000
1.700000
2.767000
1.150000
0.533000
0.483000
1.294000
1.659000
1.122000
2.509000
0.985000
1.880000
2.353000
2.886000
0.677000
1.887000
3.508000
0.786000
0.935000
4.321000
2.641000
2.807000
1.828000
3.177000
3.335000
2.010000
3.472000
1.216000
1.593000
1.146000
3.581000
1.757000
2.902000
0.864000
1.915000
2.883000
0.669000
1.953000
1.289000
1.286000
3.101000
1.381000
0.358000
1.331000
1.227000
0.633000
2.713000
1.646000
2.536000
1.003000
1.834000
0.611000
3.680000
1.313000
1.553000
1.510000
1.615000
0.684000
1.917000
1.535000
0.883000
0.301000
1.507000
0.421000
1.233000
2.951000
2.140000
0.499000
0.542000
2.545000
1.864000
0.864000
4.603000
0.673000
1.833000
4.572000
1.339000
2.809000
2.086000
1.683000
2.846000
0.598000
0.745000
0.625000
2.915000
1.720000
1.282000
2.120000
0.695000
0.433000
2.414000
2.883000
5.184000
3.240000
1.729000
1.309000
3.956000
1.791000
2.933000
0.898000
1.049000
3.408000
1.331000
3.669000
3.513000
2.055000
0.353000
2.403000
0.347000
3.480000
0.934000
2.356000
4.634000
3.626000
1.249000
2.934000
1.241000
2.294000
1.856000
1.872000
1.326000
4.232000
1.658000
0.478000
1.558000
2.361000
3.372000
3.616000
0.595000
3.977000
2.098000
0.737000
2.929000
1.447000
2.861000
1.832000
3.588000
2.622000
1.842000
3.583000
2.379000
3.322000
2.938000
0.337000
2.087000
0.855000
2.754000
3.480000
4.540000
2.612000
1.063000
2.896000
0.637000
1.307000
1.803000
2.997000
0.591000
2.144000
0.671000
2.086000
0.565000
1.870000
1.782000
1.605000
2.879000
2.879000
2.372000
0.575000
3.185000
1.490000
4.527000
1.309000
2.575000
1.866000
1.289000
4.426000
4.161000
1.332000
1.675000
1.289000
2.341000
2.057000
2.763000
2.817000
1.951000
1.696000
0.914000
0.682000
2.757000
1.847000
3.247000
3.073000
0.596000
2.927000
2.682000
1.101000
1.325000
1.545000
0.431000
3.264000
2.925000
1.271000
2.763000
2.746000
3.905000
0.913000
2.616000
1.943000
1.326000
4.419000
0.916000
3.526000
1.857000
2.764000
3.363000
2.932000
1.820000
1.349000
3.825000
2.135000
3.606000
2.053000
3.047000
0.681000
0.924000
1.238000
3.254000
1.326000
2.923000
2.903000
0.635000
1.911000
4.655000
3.324000
1.483000
0.812000
1.367000
1.852000
1.389000
2.507000
1.655000
1.695000
1.073000
0.924000
1.584000
1.953000
2.214000
1.227000
3.677000
1.735000
1.825000
3.446000
1.372000
2.594000
1.641000
2.922000
0.468000
1.341000
3.883000
2.998000
1.406000
2.567000
3.425000
0.527000
2.163000
2.681000
0.993000
3.043000
2.859000
0.562000
3.447000
3.575000
3.978000
2.768000
3.164000
3.348000
3.698000
1.383000
1.290000
2.905000
3.344000
3.884000
3.616000
3.371000
1.861000
0.661000
3.411000
2.767000
3.475000
1.272000
1.941000
0.744000
2.687000
3.294000
3.356000
2.764000
1.071000
2.194000
3.393000
2.759000
1.414000
3.791000
0.342000
0.647000
4.118000
2.598000
2.120000
1.279000
3.906000
1.638000
0.547000
1.333000
3.387000
0.922000
3.174000
4.654000
2.125000
1.699000
2.769000
2.357000
1.127000
0.871000
3.259000
1.495000
2.873000
3.482000
1.335000
3.821000
4.143000
1.093000
1.636000
3.547000
1.416000
2.933000
2.690000
2.747000
1.566000
0.232000
2.797000
2.513000
3.936000
1.780000
0.551000
1.276000
1.779000
2.008000
2.914000
1.564000
4.274000
0.568000
1.718000
4.372000
3.071000
1.653000
1.462000
1.001000
2.349000
1.305000
4.605000
1.373000
0.506000
1.603000
0.949000
3.701000
1.631000
0.340000
1.759000
3.696000
1.830000
4.199000
2.934000
3.556000
3.301000
2.837000
0.955000
0.902000
0.959000
4.688000
1.644000
0.927000
2.515000
1.054000
1.029000
3.382000
2.046000
3.189000
1.372000
4.059000
2.110000
3.031000
2.584000
4.158000
1.065000
0.608000
2.603000
4.877000
2.531000
3.151000
2.756000
1.326000
2.652000
3.847000
1.604000
1.626000
3.829000
0.922000
1.648000
2.703000
4.113000
0.635000
0.356000
2.664000
1.772000
1.799000
1.657000
3.381000
1.161000
3.409000
0.771000
1.575000
0.300000
2.633000
4.461000
1.360000
1.113000
1.320000
1.390000
2.351000
1.803000
0.689000
2.523000
5.751000
3.979000
0.971000
3.560000
1.214000
1.292000
2.082000
3.575000
3.033000
3.235000
1.473000
1.493000
2.437000
2.652000
2.828000
2.618000
3.847000
0.971000
1.816000
2.057000
2.109000
0.843000
2.390000
0.477000
3.394000
2.842000
2.988000
0.913000
3.449000
1.095000
3.592000
3.878000
3.753000
1.166000
2.721000
1.476000
2.765000
0.526000
3.706000
1.360000
3.635000
1.557000
1.848000
2.632000
1.883000
2.255000
0.761000
2.653000
1.861000
1.861000
0.954000
1.857000
2.827000
0.692000
3.599000
1.307000
0.580000
2.900000
1.334000
2.343000
0.591000
1.639000
0.659000
0.945000
1.337000
2.364000
0.609000
1.790000
2.131000
4.956000
3.752000
0.073000
3.661000
2.898000
0.494000
1.338000
1.772000
1.639000
0.328000
2.907000
3.575000
0.703000
1.324000
1.079000
0.937000
3.420000
1.147000
0.909000
1.862000
0.382000
1.340000
1.697000
1.669000
1.639000
1.255000
2.914000
2.784000
1.261000
1.069000
1.588000
1.275000
1.775000
3.530000
1.817000
1.160000
0.811000
1.554000
1.079000
2.828000
2.627000
2.824000
1.854000
1.184000
1.658000
1.691000
0.665000
1.327000
3.453000
2.147000
1.174000
2.314000
1.332000
0.737000
1.740000
4.430000
2.146000
1.545000
1.615000
3.946000
1.579000
4.162000
3.527000
2.351000
1.271000
0.918000
2.629000
2.193000
3.541000
0.819000
1.243000
2.557000
1.316000
2.925000
3.335000
1.564000
2.104000
0.879000
2.347000
0.851000
4.323000
2.226000
2.639000
3.275000
0.924000
1.759000
2.009000
3.644000
2.661000
1.151000
1.617000
1.010000
2.638000
1.580000
2.863000
1.334000
2.842000
3.856000
3.419000
1.701000
2.839000
2.820000
3.204000
0.771000
2.955000
1.272000
1.050000
3.747000
3.470000
1.157000
2.811000
1.015000
1.794000
1.549000
1.512000
2.508000
0.664000
1.699000
1.753000
1.518000
1.330000
0.458000
0.497000
3.460000
4.679000
3.418000
3.206000
2.131000
1.034000
0.339000
2.282000
2.622000
3.683000
3.241000
2.714000
0.883000
2.806000
0.644000
1.824000
1.095000
1.618000
4.577000
4.105000
3.759000
1.634000
1.215000
1.300000
2.722000
2.117000
3.150000
1.668000
0.939000
2.896000
0.940000
1.331000
2.090000
0.925000
1.088000
2.992000
1.780000
3.311000
1.127000
1.622000
2.923000
2.689000
1.089000
1.701000
1.351000
0.436000
1.682000
1.666000
1.523000
1.602000
1.316000
4.326000
1.316000
2.748000
2.507000
2.136000
2.717000
3.569000
0.463000
0.659000
1.322000
0.935000
1.302000
2.586000
3.423000
1.583000
3.505000
2.885000
0.770000
3.711000
0.945000
2.850000
3.662000
3.440000
2.594000
1.067000
1.464000
2.923000
2.039000
0.749000
3.871000
1.706000
2.914000
1.358000
2.948000
1.353000
2.551000
0.651000
1.820000
0.941000
2.900000
3.440000
3.248000
2.861000
3.376000
3.063000
3.862000
2.346000
1.436000
2.097000
2.630000
1.616000
2.091000
3.410000
1.428000
2.782000
2.220000
0.385000
2.656000
2.685000
2.813000
2.883000
1.181000
1.451000
3.290000
1.771000
1.324000
1.878000
3.325000
0.336000
1.570000
2.139000
1.589000
3.483000
0.836000
1.362000
1.642000
1.235000
1.350000
2.902000
3.286000
3.337000
1.751000
0.899000
3.640000
2.797000
2.912000
1.495000
4.584000
2.291000
2.775000
1.346000
4.256000
2.916000
1.400000
1.365000
3.796000
3.329000
3.429000
4.223000
2.175000
1.231000
2.319000
1.320000
2.910000
3.639000
2.827000
2.392000
2.813000
1.099000
3.506000
2.728000
2.909000
0.586000
0.963000
2.708000
3.355000
3.888000
1.185000
1.326000
1.308000
2.756000
0.683000
1.671000
3.435000
2.375000
1.883000
1.179000
2.898000
3.282000
5.035000
1.832000
2.635000
1.197000
1.791000
1.715000
1.189000
1.056000
3.667000
0.954000
2.880000
1.173000
1.024000
1.245000
1.375000
1.372000
0.948000
1.451000
3.539000
0.339000
2.679000
2.080000
0.851000
0.647000
0.930000
1.565000
2.907000
1.563000
2.389000
2.704000
4.861000
2.587000
1.152000
0.926000
2.894000
0.517000
0.997000
1.656000
1.320000
1.396000
5.207000
3.514000
2.695000
4.168000
2.666000
1.039000
0.555000
2.811000
1.123000
1.826000
1.676000
0.377000
0.555000
1.136000
1.630000
1.361000
4.358000
2.496000
0.501000
1.878000
1.224000
4.600000
1.299000
3.299000
0.920000
1.289000
1.075000
3.663000
2.705000
1.699000
1.118000
1.367000
0.442000
0.839000
3.701000
0.770000
2.708000
1.344000
1.282000
4.432000
1.431000
0.632000
2.887000
0.722000
3.626000
1.280000
3.390000
2.913000
0.685000
1.310000
1.857000
3.380000
1.131000
1.315000
1.310000
1.281000
1.127000
5.762000
1.144000
1.337000
1.261000
9.523000
0.618000
1.694000
1.600000
1.441000
1.513000
1.299000
2.912000
0.383000
1.565000
3.708000
0.380000
1.354000
0.550000
2.024000
0.713000
1.357000
1.792000
1.622000
1.701000
1.548000
1.338000
1.228000
1.236000
1.200000
1.019000
2.087000
1.563000
1.318000
1.334000
1.568000
2.790000
1.317000
1.581000
1.603000
1.596000
1.371000
1.907000
1.321000
1.918000
1.269000
1.366000
2.843000
1.339000
1.295000
1.493000
1.307000
1.245000
1.327000
1.620000
2.925000
0.644000
1.722000
1.020000
1.359000
1.475000
0.472000
1.534000
1.367000
1.328000
1.132000
1.571000
1.564000
1.748000
0.904000
1.550000
3.581000
1.653000
1.536000
1.311000
1.776000
1.022000
1.573000
1.547000
4.397000
1.096000
1.324000
3.660000
1.321000
1.552000
0.658000
1.234000
2.931000
3.035000
1.326000
1.851000
3.288000
0.593000
1.708000
1.842000
2.861000
1.325000
2.852000
1.592000
1.320000
1.880000
1.256000
1.223000
2.661000
1.805000
2.747000
1.588000
1.753000
1.366000
2.870000
1.885000
1.111000
1.780000
1.924000
1.248000
1.782000
0.926000
1.310000
1.772000
1.250000
1.629000
1.580000
2.893000
1.618000
1.337000
1.857000
1.580000
1.306000
3.080000
11.622000
2.340000
1.068000
1.097000
1.356000
1.779000
1.562000
1.365000
1.778000
2.119000
1.613000
1.158000
3.303000
1.257000
1.330000
1.350000
1.623000
1.348000
1.805000
2.895000
1.726000
1.993000
1.301000
1.318000
2.877000
1.490000
1.327000
1.290000
2.859000
1.314000
1.336000
3.591000
0.538000
1.323000
1.745000
1.073000
1.332000
1.302000
0.098000
1.798000
1.313000
1.620000
0.320000
1.209000
1.842000
0.449000
1.577000
1.321000
1.339000
1.557000
2.857000
0.116000
1.805000
1.594000
1.274000
1.336000
1.607000
1.254000
1.341000
2.895000
2.833000
2.858000
2.789000
3.978000
0.336000
1.819000
1.784000
3.646000
1.740000
2.091000
1.293000
1.687000
2.587000
1.376000
1.737000
1.462000
1.576000
1.496000
1.562000
1.772000
2.769000
1.629000
2.138000
4.729000
1.280000
1.336000
1.566000
1.596000
2.914000
1.285000
1.245000
1.353000
0.336000
1.341000
1.566000
1.295000
1.813000
1.253000
1.341000
1.333000
1.770000
2.723000
2.793000
2.874000
2.916000
1.870000
2.862000
1.368000
1.811000
0.653000
0.492000
1.256000
1.609000
1.354000
1.545000
0.285000
0.654000
1.569000
2.887000
2.819000
4.268000
1.056000
2.814000
1.860000
1.594000
0.352000
2.020000
2.874000
1.265000
2.911000
3.375000
3.693000
1.338000
0.604000
1.340000
2.693000
1.819000
2.794000
2.730000
0.921000
1.639000
1.350000
1.609000
3.628000
1.321000
1.380000
1.412000
1.237000
1.789000
1.242000
1.334000
1.345000
1.549000
3.382000
1.302000
1.334000
1.580000
1.322000
2.773000
1.767000
1.351000
4.328000
1.762000
1.582000
2.893000
1.327000
2.723000
1.768000
1.838000
3.648000
1.130000
1.186000
0.918000
1.624000
1.205000
2.665000
1.132000
1.584000
2.778000
1.170000
1.306000
1.741000
1.611000
4.641000
1.284000
2.870000
2.307000
1.253000
1.903000
2.215000
3.099000
1.774000
2.834000
1.365000
1.367000
0.632000
1.604000
1.766000
1.849000
1.519000
2.031000
1.326000
1.345000
1.624000
1.263000
3.904000
1.354000
0.822000
1.337000
1.883000
2.815000
0.637000
1.788000
1.796000
0.548000
1.542000
2.859000
1.851000
1.588000
1.316000
1.317000
2.795000
2.614000
1.511000
1.677000
1.338000
0.481000
1.323000
1.201000
1.599000
1.229000
1.319000
1.265000
0.111000
1.375000
0.408000
0.730000
0.964000
1.331000
3.478000
1.613000
2.781000
1.330000
1.755000
1.329000
1.597000
1.319000
1.704000
1.373000
1.315000
1.329000
2.526000
1.308000
1.495000
1.353000
0.596000
0.925000
1.731000
2.828000
1.353000
0.546000
0.337000
1.356000
2.922000
1.610000
1.535000
2.342000
0.596000
1.657000
1.317000
1.801000
2.334000
0.345000
2.864000
1.325000
3.285000
1.762000
1.614000
1.362000
1.270000
1.220000
1.625000
1.319000
1.833000
1.217000
1.389000
1.331000
2.555000
1.227000
1.293000
3.591000
1.195000
1.350000
2.752000
3.236000
2.618000
1.789000
1.862000
1.334000
3.785000
0.588000
1.585000
2.928000
2.053000
3.768000
3.647000
3.484000
2.906000
1.836000
1.593000
1.385000
1.432000
4.474000
3.171000
1.319000
2.915000
1.129000
1.595000
1.233000
1.327000
0.454000
0.989000
1.314000
0.941000
1.306000
1.557000
0.107000
1.262000
1.263000
1.339000
2.728000
4.530000
1.778000
0.917000
0.691000
1.316000
1.333000
0.275000
0.952000
2.813000
1.323000
1.312000
2.846000
1.201000
2.528000
1.327000
1.238000
1.555000
1.242000
0.971000
1.362000
0.413000
1.653000
1.846000
1.339000
1.255000
1.273000
1.336000
1.364000
1.296000
0.926000
1.306000
1.584000
1.431000
0.337000
1.087000
1.184000
0.643000
1.337000
1.642000
1.307000
1.651000
1.061000
1.310000
1.637000
0.393000
3.159000
1.352000
2.365000
1.320000
1.555000
0.671000
1.876000
1.324000
1.778000
1.555000
1.225000
1.056000
1.234000
1.230000
1.365000
1.305000
2.854000
1.332000
1.589000
1.488000
1.576000
1.297000
1.564000
1.474000
3.646000
1.804000
1.308000
3.294000
1.324000
2.129000
1.294000
0.656000
1.318000
1.642000
1.339000
2.831000
1.315000
1.273000
1.206000
1.305000
1.217000
1.491000
2.550000
1.626000
0.928000
1.332000
1.593000
1.607000
2.859000
3.839000
1.331000
1.515000
2.697000
1.323000
0.434000
1.827000
1.318000
1.594000
1.092000
1.403000
0.927000
1.561000
1.036000
2.340000
1.331000
1.707000
2.857000
1.259000
1.160000
1.738000
0.284000
1.342000
2.059000
2.711000
1.316000
1.354000
1.345000
1.274000
0.932000
1.825000
1.570000
1.322000
1.282000
1.292000
1.313000
1.051000
0.336000
1.296000
1.348000
2.831000
3.313000
1.539000
1.914000
1.303000
1.309000
1.775000
1.327000
1.608000
1.782000
2.814000
1.322000
2.360000
0.921000
2.828000
1.306000
1.555000
1.296000
2.902000
1.283000
1.902000
1.522000
1.565000
1.564000
1.229000
1.705000
1.322000
1.310000
2.780000
1.414000
1.043000
1.263000
1.252000
1.318000
1.314000
1.308000
1.313000
1.353000
1.798000
1.348000
1.644000
0.337000
3.308000
1.317000
1.227000
1.316000
1.611000
1.326000
1.745000
1.100000
1.337000
1.755000
1.675000
1.345000
1.270000
1.571000
3.878000
1.701000
1.345000
1.790000
2.857000
1.787000
1.274000
1.642000
1.546000
1.777000
1.412000
1.840000
1.760000
1.217000
1.331000
1.556000
1.298000
2.712000
1.269000
1.343000
1.314000
1.317000
1.236000
2.671000
1.237000
1.303000
1.039000
1.312000
1.325000
1.275000
0.342000
1.333000
1.416000
1.304000
1.308000
1.277000
1.277000
2.734000
2.658000
0.612000
1.670000
1.571000
2.886000
1.178000
1.273000
1.602000
1.057000
1.544000
4.105000
1.570000
1.452000
1.219000
1.344000
1.336000
1.316000
1.785000
1.783000
1.320000
0.997000
1.563000
1.783000
0.817000
1.302000
1.328000
0.661000
1.708000
1.767000
1.207000
2.846000
0.347000
1.842000
1.313000
1.608000
1.568000
1.324000
1.746000
2.355000
1.803000
2.241000
1.360000
1.784000
3.653000
1.448000
1.846000
1.541000
1.862000
2.083000
2.333000
0.770000
1.334000
1.348000
2.754000
1.264000
1.744000
2.883000
0.933000
1.318000
1.298000
3.415000
1.596000
1.572000
1.625000
1.862000
1.626000
1.492000
1.533000
1.273000
1.296000
1.321000
1.807000
1.565000
1.067000
1.260000
1.302000
1.856000
1.584000
1.781000
1.320000
0.942000
1.790000
1.348000
1.334000
1.334000
1.312000
1.314000
1.322000
1.040000
1.512000
1.796000
1.137000
1.034000
1.339000
1.782000
0.469000
1.306000
1.734000
1.486000
1.288000
1.341000
1.862000
1.317000
0.950000
2.883000
2.799000
1.316000
1.569000
1.280000
1.342000
0.709000
1.326000
1.313000
1.109000
1.625000
1.328000
1.873000
1.760000
1.594000
3.589000
1.057000
1.316000
1.384000
1.576000
1.853000
1.322000
1.333000
1.612000
2.944000
1.350000
2.915000
1.899000
1.612000
0.685000
1.761000
1.550000
1.624000
1.311000
0.745000
1.654000
1.812000
