3.608000
1.390000
2.111000
2.607000
3.023000
4.406000
0.484000
3.965000
1.323000
3.622000
1.334000
2.778000
2.806000
4.683000
1.689000
0.648000
4.454000
0.936000
0.608000
2.938000
0.352000
3.173000
1.414000
1.484000
4.450000
1.917000
3.062000
1.786000
3.624000
2.803000
4.213000
0.939000
4.734000
4.508000
0.715000
0.928000
1.279000
2.605000
1.543000
1.267000
0.648000
1.477000
4.292000
3.071000
1.481000
2.759000
4.365000
1.782000
1.165000
1.002000
3.827000
0.678000
3.760000
4.044000
5.865000
3.676000
1.302000
3.635000
1.899000
2.015000
3.354000
2.023000
0.924000
2.763000
3.773000
1.296000
4.503000
2.383000
0.665000
1.199000
1.840000
4.306000
3.986000
2.865000
1.673000
2.871000
1.787000
1.661000
0.812000
2.016000
1.806000
2.943000
1.379000
1.337000
4.269000
3.853000
1.532000
3.630000
0.894000
0.803000
2.130000
3.529000
5.352000
2.090000
4.373000
1.563000
2.050000
1.286000
3.849000
4.444000
3.726000
1.274000
0.922000
0.981000
0.677000
1.129000
1.788000
4.194000
0.425000
2.121000
1.690000
1.310000
4.045000
1.515000
1.314000
1.736000
0.661000
1.621000
0.868000
0.383000
4.582000
0.716000
1.559000
1.537000
1.774000
2.908000
2.799000
4.234000
4.459000
1.642000
4.129000
3.043000
1.803000
4.102000
1.619000
0.935000
1.487000
2.120000
3.779000
1.371000
1.577000
3.800000
1.159000
0.583000
0.730000
1.333000
4.471000
2.013000
4.510000
3.637000
3.620000
4.766000
2.957000
1.771000
4.319000
2.012000
0.673000
1.780000
4.409000
3.806000
3.228000
0.611000
1.768000
0.465000
2.832000
0.919000
4.657000
1.559000
1.428000
1.015000
2.658000
1.287000
0.340000
2.131000
1.654000
2.019000
3.943000
1.622000
1.754000
0.755000
3.648000
0.490000
3.359000
4.184000
2.711000
0.815000
2.378000
3.495000
0.904000
0.948000
0.500000
1.770000
0.578000
3.695000
1.075000
1.312000
0.398000
2.820000
3.521000
3.907000
2.025000
2.926000
4.270000
1.369000
3.040000
1.788000
4.687000
4.755000
4.007000
2.122000
0.610000
1.734000
2.020000
3.992000
2.666000
3.463000
1.807000
2.745000
4.574000
1.839000
4.020000
1.065000
3.354000
0.811000
4.315000
1.319000
4.199000
1.812000
1.805000
2.341000
0.633000
4.212000
1.870000
3.355000
2.881000
1.885000
0.858000
2.647000
2.833000
3.840000
0.628000
2.940000
1.114000
1.923000
3.954000
3.545000
0.658000
4.552000
4.376000
4.817000
0.940000
2.931000
0.618000
3.509000
1.363000
1.708000
3.113000
2.588000
2.854000
2.081000
1.793000
2.760000
0.602000
4.288000
1.750000
2.822000
0.801000
3.829000
1.624000
3.990000
1.407000
1.145000
1.550000
3.618000
1.757000
1.129000
0.442000
1.514000
1.884000
3.934000
0.677000
0.819000
1.737000
1.574000
1.178000
2.369000
4.552000
1.617000
1.595000
1.672000
2.843000
2.384000
1.343000
1.718000
1.167000
0.638000
4.334000
0.606000
1.473000
1.399000
3.815000
4.406000
3.671000
1.076000
4.174000
2.769000
1.285000
2.133000
0.588000
2.325000
0.651000
2.095000
2.121000
1.038000
1.859000
1.041000
1.077000
2.690000
3.909000
1.318000
0.436000
2.306000
1.314000
3.949000
1.281000
3.585000
3.758000
2.713000
1.997000
4.432000
0.622000
2.741000
4.056000
0.445000
4.678000
1.608000
1.450000
1.084000
2.895000
2.932000
1.666000
3.891000
1.011000
2.347000
1.043000
5.058000
1.753000
3.418000
3.478000
0.884000
2.502000
3.594000
1.725000
3.620000
1.477000
0.604000
3.835000
1.847000
0.650000
2.845000
0.830000
3.620000
0.643000
2.740000
1.879000
4.238000
2.147000
0.661000
4.663000
0.687000
2.112000
0.679000
1.300000
3.612000
1.618000
2.953000
1.487000
3.739000
0.575000
1.237000
4.521000
1.563000
1.696000
3.082000
0.399000
4.537000
0.881000
1.167000
4.353000
2.904000
4.182000
4.489000
1.472000
1.672000
1.537000
4.415000
1.011000
0.885000
3.971000
4.272000
3.634000
1.781000
2.796000
1.657000
1.439000
1.003000
2.084000
2.942000
0.644000
1.560000
3.313000
1.803000
0.686000
2.103000
1.118000
4.327000
3.455000
2.121000
4.583000
2.124000
1.834000
2.023000
2.359000
1.029000
3.104000
1.180000
2.857000
1.158000
0.916000
4.528000
3.870000
4.492000
1.802000
2.053000
0.616000
0.905000
1.777000
1.834000
1.136000
2.097000
1.396000
2.856000
3.133000
3.901000
2.026000
1.756000
1.798000
2.114000
4.899000
2.930000
2.029000
0.590000
4.444000
4.275000
1.267000
4.491000
2.101000
3.766000
4.274000
2.835000
4.416000
1.462000
3.288000
4.513000
3.614000
4.464000
1.169000
1.610000
1.675000
3.686000
1.370000
3.871000
1.987000
0.673000
4.611000
1.611000
1.911000
1.547000
4.751000
1.086000
4.470000
0.585000
1.881000
1.271000
1.802000
1.803000
1.139000
2.843000
4.665000
2.124000
1.502000
1.570000
1.484000
3.304000
1.321000
1.242000
0.623000
3.467000
1.191000
3.108000
1.813000
1.237000
1.794000
4.809000
2.361000
4.476000
4.615000
1.700000
1.367000
2.908000
4.506000
3.822000
2.672000
2.886000
0.649000
0.595000
1.725000
0.640000
0.870000
0.921000
4.364000
1.305000
4.604000
2.029000
1.803000
3.702000
2.959000
3.596000
0.886000
2.836000
0.925000
1.897000
2.925000
4.282000
1.790000
1.664000
0.643000
1.895000
3.670000
1.638000
2.542000
3.912000
4.128000
0.536000
1.190000
2.805000
1.192000
0.604000
4.586000
1.664000
1.251000
3.690000
2.105000
2.708000
2.320000
0.714000
0.826000
2.913000
1.303000
0.757000
3.159000
1.651000
3.829000
1.826000
4.418000
3.024000
5.589000
0.805000
0.589000
1.442000
4.359000
0.569000
1.493000
1.452000
2.003000
2.900000
2.120000
0.926000
2.722000
1.310000
4.428000
3.210000
4.548000
3.625000
3.774000
0.897000
1.307000
3.919000
4.747000
2.333000
2.384000
1.711000
3.644000
1.859000
0.956000
3.447000
2.891000
0.698000
4.522000
0.705000
0.775000
1.370000
0.620000
2.131000
0.616000
0.984000
3.957000
3.996000
1.718000
3.775000
2.332000
3.000000
0.830000
0.619000
3.666000
1.871000
4.135000
3.730000
4.180000
0.615000
0.720000
3.846000
1.730000
4.730000
1.897000
0.688000
2.908000
4.498000
0.803000
2.677000
4.382000
3.668000
3.686000
3.937000
3.824000
1.859000
2.123000
2.952000
3.432000
1.043000
2.178000
4.562000
4.444000
3.469000
3.700000
0.912000
4.204000
1.567000
2.683000
0.669000
0.926000
4.804000
2.692000
2.920000
3.986000
3.661000
0.901000
2.816000
2.029000
2.071000
0.573000
4.286000
0.347000
1.652000
1.869000
4.378000
4.501000
3.638000
3.691000
3.394000
4.558000
0.691000
2.005000
2.099000
3.535000
3.731000
0.896000
5.715000
2.637000
1.148000
4.573000
2.879000
0.936000
0.550000
1.556000
1.512000
0.682000
2.900000
3.846000
2.698000
3.358000
4.999000
2.786000
0.933000
3.284000
5.689000
1.456000
0.685000
2.111000
0.711000
1.594000
1.847000
3.265000
0.466000
1.621000
2.908000
0.921000
4.271000
3.641000
1.560000
1.730000
2.121000
1.725000
1.459000
2.324000
1.441000
3.672000
1.834000
3.678000
0.831000
4.336000
0.710000
0.680000
0.923000
1.772000
4.088000
3.710000
5.376000
1.564000
0.635000
1.601000
4.527000
4.641000
1.306000
0.831000
0.592000
1.061000
1.344000
0.682000
1.506000
1.839000
1.524000
4.474000
4.273000
0.781000
1.380000
0.643000
3.367000
1.606000
4.229000
0.774000
1.078000
1.827000
0.684000
3.340000
1.041000
1.794000
1.180000
4.030000
3.683000
2.130000
2.123000
1.769000
3.062000
4.189000
0.921000
4.319000
0.484000
0.994000
2.772000
2.130000
1.858000
4.700000
4.219000
1.337000
3.668000
2.602000
1.333000
4.808000
3.479000
2.754000
3.819000
1.643000
1.897000
3.580000
3.687000
0.942000
3.276000
3.685000
1.888000
0.631000
2.878000
3.963000
1.812000
1.346000
1.273000
0.944000
3.466000
2.751000
2.874000
4.732000
2.110000
4.477000
3.462000
0.666000
2.134000
1.791000
1.690000
1.807000
4.985000
0.596000
3.512000
4.821000
3.665000
4.345000
0.630000
2.105000
1.653000
1.367000
1.504000
1.319000
3.148000
0.749000
0.807000
2.017000
1.468000
1.353000
3.926000
2.609000
2.892000
0.589000
2.295000
1.174000
0.675000
4.181000
3.387000
1.860000
4.467000
1.163000
2.550000
1.306000
0.608000
2.131000
3.622000
0.367000
2.599000
1.786000
1.801000
4.564000
3.646000
2.023000
3.739000
1.389000
3.627000
3.996000
2.893000
4.442000
2.118000
1.606000
1.636000
2.093000
2.916000
2.661000
3.594000
2.113000
3.118000
0.829000
1.164000
0.885000
2.113000
5.862000
3.408000
4.001000
1.388000
1.325000
3.288000
1.306000
0.945000
0.635000
2.844000
1.843000
1.860000
4.363000
1.711000
3.093000
1.573000
1.291000
0.733000
3.474000
3.561000
2.632000
2.909000
4.538000
2.796000
4.494000
0.694000
3.899000
4.762000
0.378000
2.654000
0.541000
4.365000
2.740000
1.845000
0.563000
4.472000
2.646000
4.274000
1.051000
0.616000
1.608000
3.905000
0.899000
3.258000
1.098000
1.844000
1.260000
2.038000
2.907000
2.928000
4.714000
2.105000
1.135000
2.843000
0.894000
3.665000
2.094000
0.704000
0.617000
4.134000
1.560000
0.762000
1.894000
2.328000
0.854000
2.846000
4.545000
2.113000
0.973000
1.615000
3.420000
3.368000
3.742000
1.269000
3.980000
1.887000
2.165000
5.390000
2.921000
1.545000
0.854000
3.756000
1.828000
0.339000
0.526000
0.695000
0.661000
2.812000
1.261000
2.604000
2.031000
3.430000
2.870000
3.646000
2.619000
2.608000
1.594000
2.360000
2.112000
0.627000
3.178000
1.685000
1.557000
0.347000
3.862000
0.842000
0.641000
4.557000
4.593000
4.136000
0.669000
2.115000
5.283000
1.582000
2.072000
1.264000
2.095000
1.848000
4.529000
2.514000
4.551000
0.375000
1.077000
1.378000
1.851000
1.356000
4.421000
0.932000
4.833000
0.632000
3.714000
3.344000
4.548000
2.770000
2.824000
2.923000
2.816000
4.743000
0.626000
1.399000
1.300000
2.784000
1.393000
4.651000
0.585000
2.940000
0.616000
1.241000
1.884000
2.128000
2.359000
1.620000
3.816000
0.674000
2.912000
1.694000
2.942000
2.008000
3.198000
3.701000
1.289000
1.536000
3.692000
3.518000
2.797000
2.631000
1.296000
0.866000
1.708000
1.343000
3.271000
2.913000
4.308000
1.069000
2.761000
1.859000
2.017000
1.519000
1.888000
1.097000
1.318000
0.928000
0.665000
1.090000
1.327000
2.361000
1.309000
4.201000
2.936000
2.658000
2.374000
4.875000
5.093000
0.592000
1.716000
1.374000
3.639000
2.917000
4.119000
1.385000
4.675000
3.434000
1.314000
4.386000
1.323000
2.909000
0.846000
1.209000
1.014000
3.976000
4.241000
3.800000
1.641000
3.842000
4.246000
3.408000
3.651000
1.272000
1.802000
2.658000
2.716000
1.724000
1.105000
0.952000
0.794000
0.653000
1.721000
0.558000
0.940000
1.392000
3.645000
2.742000
1.257000
0.420000
1.361000
0.790000
2.760000
2.085000
1.300000
4.436000
0.698000
0.634000
1.886000
1.023000
1.892000
2.946000
4.238000
2.374000
2.570000
0.964000
0.812000
2.636000
1.859000
3.178000
3.619000
0.343000
4.195000
1.306000
1.356000
2.126000
2.902000
1.259000
2.103000
0.606000
0.651000
2.800000
3.354000
3.863000
1.550000
3.831000
0.511000
0.843000
4.596000
3.603000
0.953000
1.771000
3.888000
0.803000
1.472000
0.919000
0.929000
3.323000
3.506000
2.129000
0.709000
3.995000
4.046000
3.458000
4.424000
0.666000
1.663000
4.659000
3.914000
0.537000
1.579000
3.807000
1.000000
1.254000
3.639000
0.735000
1.407000
3.349000
0.900000
3.330000
0.626000
2.123000
4.790000
1.773000
0.613000
0.608000
3.627000
5.287000
3.478000
1.716000
1.623000
3.096000
4.176000
3.342000
2.747000
2.407000
2.923000
1.614000
1.020000
1.524000
3.873000
2.645000
3.617000
3.090000
3.529000
0.607000
0.609000
1.631000
0.903000
2.354000
1.301000
1.558000
4.223000
0.141000
1.892000
1.784000
1.846000
1.509000
4.709000
4.163000
1.992000
4.385000
4.586000
4.420000
2.032000
1.657000
4.265000
1.703000
1.777000
0.601000
0.845000
0.615000
1.074000
1.206000
3.653000
1.665000
3.959000
2.682000
5.376000
1.709000
2.936000
1.412000
2.930000
2.919000
0.925000
1.759000
2.859000
1.877000
0.932000
2.908000
1.985000
4.225000
4.520000
4.334000
0.630000
4.298000
2.136000
2.125000
2.819000
1.037000
4.008000
1.000000
4.463000
4.850000
1.606000
0.610000
3.606000
1.812000
3.656000
3.270000
3.348000
2.105000
1.350000
3.033000
3.757000
1.140000
3.172000
4.470000
0.459000
0.455000
1.171000
5.542000
3.840000
4.432000
3.048000
2.887000
3.672000
1.645000
4.598000
2.113000
0.893000
3.603000
1.810000
1.818000
2.724000
0.640000
1.755000
2.654000
4.140000
3.065000
1.646000
1.218000
1.839000
1.837000
1.747000
0.920000
0.904000
1.230000
2.311000
4.652000
2.133000
1.391000
2.909000
1.861000
2.655000
1.492000
0.990000
4.830000
1.785000
3.685000
1.870000
1.941000
3.902000
3.593000
1.572000
3.224000
0.610000
1.160000
1.481000
2.042000
3.812000
1.248000
0.836000
1.181000
4.058000
3.663000
2.136000
1.772000
2.114000
0.759000
4.519000
0.932000
1.378000
3.940000
0.650000
2.710000
3.644000
4.671000
3.517000
1.321000
4.458000
3.632000
3.883000
0.613000
0.968000
0.598000
3.617000
1.093000
2.670000
1.846000
3.783000
2.128000
3.645000
2.095000
3.591000
1.882000
0.578000
1.850000
5.131000
3.398000
1.891000
3.579000
0.605000
4.233000
1.257000
0.662000
1.702000
0.587000
2.011000
1.831000
2.134000
1.667000
4.179000
2.016000
4.038000
0.656000
4.300000
1.087000
1.243000
1.538000
1.734000
2.355000
1.937000
2.923000
1.900000
2.755000
0.630000
1.546000
1.006000
1.564000
2.116000
1.780000
1.237000
4.417000
0.702000
1.577000
0.623000
0.899000
0.637000
2.557000
1.201000
1.325000
4.017000
1.334000
0.464000
1.331000
2.131000
1.654000
0.906000
3.901000
3.206000
0.688000
1.580000
0.661000
4.533000
4.662000
1.377000
3.864000
1.325000
2.642000
4.766000
1.317000
1.342000
1.368000
3.786000
1.216000
1.412000
0.608000
0.649000
1.801000
1.836000
0.529000
2.507000
4.687000
1.571000
0.904000
1.859000
1.220000
0.878000
1.564000
2.640000
1.309000
0.529000
1.657000
0.675000
2.015000
0.631000
0.658000
1.167000
1.177000
1.038000
0.722000
1.663000
3.080000
1.299000
3.625000
3.689000
1.915000
2.932000
2.944000
0.874000
1.627000
2.853000
2.017000
3.617000
2.788000
1.326000
2.355000
1.919000
4.126000
2.322000
0.637000
1.334000
1.324000
2.024000
4.411000
2.615000
5.045000
3.427000
3.632000
2.752000
2.409000
0.893000
3.813000
3.772000
3.368000
0.572000
1.235000
0.841000
2.362000
2.757000
3.667000
0.589000
3.664000
2.765000
1.755000
2.347000
2.731000
1.050000
1.846000
1.330000
4.161000
2.813000
2.038000
0.501000
3.868000
0.934000
1.597000
2.930000
0.602000
1.640000
3.607000
1.318000
1.673000
1.881000
3.525000
0.894000
4.838000
1.406000
2.369000
2.899000
0.644000
1.481000
0.944000
4.601000
4.192000
0.922000
0.906000
1.284000
0.900000
3.274000
2.126000
0.889000
4.410000
4.579000
3.649000
1.223000
0.751000
2.930000
1.728000
1.710000
1.085000
0.605000
4.297000
1.332000
1.321000
1.783000
3.596000
2.056000
2.043000
3.003000
2.010000
1.803000
3.326000
6.067000
0.748000
1.879000
1.400000
3.441000
1.868000
1.342000
2.766000
1.642000
2.859000
1.772000
1.024000
2.109000
4.754000
4.941000
1.572000
0.690000
4.202000
3.662000
1.105000
2.588000
1.319000
3.221000
2.124000
4.529000
0.943000
2.363000
0.677000
4.341000
3.710000
1.490000
0.683000
3.479000
3.156000
0.487000
1.580000
2.048000
0.687000
3.622000
3.439000
1.797000
1.284000
1.634000
3.372000
1.928000
1.559000
1.807000
0.617000
2.875000
0.597000
0.860000
0.727000
2.957000
4.528000
0.921000
3.626000
0.831000
0.904000
1.405000
4.025000
3.459000
6.040000
2.686000
3.432000
2.116000
1.345000
4.520000
4.152000
1.802000
1.644000
3.052000
1.606000
0.912000
3.647000
3.684000
3.624000
4.892000
1.529000
4.295000
1.088000
2.868000
1.763000
2.699000
1.644000
1.223000
3.572000
0.618000
2.001000
1.762000
0.655000
1.663000
1.051000
4.041000
1.346000
3.766000
0.730000
3.643000
4.465000
2.120000
0.651000
2.370000
3.755000
3.492000
0.653000
2.298000
0.933000
2.687000
4.576000
4.169000
2.794000
4.589000
0.641000
0.685000
2.872000
2.369000
4.454000
0.831000
1.563000
0.895000
1.591000
0.672000
1.198000
4.594000
1.820000
2.909000
3.647000
1.548000
3.933000
3.977000
1.816000
4.310000
0.637000
2.920000
3.642000
4.287000
0.603000
4.266000
1.239000
2.129000
1.132000
0.782000
3.546000
1.248000
1.847000
0.631000
2.945000
3.760000
2.689000
1.856000
0.624000
2.857000
1.846000
3.948000
3.471000
1.804000
3.097000
4.387000
1.668000
1.729000
1.325000
3.938000
3.809000
0.580000
2.580000
0.688000
0.850000
2.945000
4.473000
3.300000
0.602000
2.672000
1.835000
4.168000
0.654000
2.085000
2.767000
1.565000
3.461000
3.617000
3.232000
3.676000
2.852000
1.114000
3.389000
1.906000
3.203000
1.790000
2.280000
0.579000
3.746000
3.755000
4.513000
0.743000
0.621000
1.235000
1.492000
2.821000
4.776000
3.293000
3.172000
1.837000
1.184000
2.679000
0.404000
0.820000
1.335000
1.208000
2.779000
1.978000
0.443000
1.625000
2.786000
0.613000
1.730000
4.617000
1.776000
2.916000
1.565000
3.826000
4.762000
4.761000
1.345000
0.678000
0.693000
3.227000
3.845000
0.976000
0.487000
2.605000
0.970000
0.926000
4.344000
3.819000
1.330000
3.657000
0.612000
1.892000
2.011000
2.124000
1.328000
4.433000
2.016000
1.790000
2.331000
5.951000
2.134000
2.914000
1.844000
1.092000
3.675000
3.094000
4.386000
4.249000
4.254000
0.844000
1.619000
3.481000
1.297000
2.080000
1.344000
3.681000
0.789000
4.526000
1.353000
4.187000
4.416000
1.793000
2.951000
0.697000
0.633000
2.946000
1.755000
1.531000
0.533000
1.551000
2.703000
3.582000
2.109000
0.689000
0.857000
2.774000
0.656000
2.114000
1.565000
2.419000
4.707000
1.584000
0.792000
0.579000
2.923000
0.713000
1.674000
3.725000
2.764000
2.121000
1.622000
2.016000
3.909000
1.340000
1.611000
0.603000
0.799000
0.822000
0.871000
0.996000
1.327000
3.096000
3.408000
3.702000
0.673000
2.682000
0.672000
1.051000
1.520000
0.472000
1.869000
0.817000
0.726000
0.917000
3.498000
0.872000
3.221000
3.454000
4.804000
1.000000
0.920000
0.912000
1.318000
1.868000
1.890000
0.638000
1.346000
1.330000
1.409000
3.391000
1.829000
0.670000
4.386000
0.414000
2.014000
1.339000
3.992000
2.832000
5.115000
3.105000
1.567000
0.688000
1.809000
1.083000
4.499000
2.932000
2.752000
0.712000
3.474000
2.651000
4.361000
3.493000
2.703000
4.103000
1.574000
0.748000
0.502000
3.688000
1.645000
1.317000
0.623000
0.939000
1.237000
3.431000
0.611000
3.505000
3.008000
3.645000
0.671000
0.762000
2.905000
3.598000
3.875000
0.724000
2.526000
0.660000
1.089000
1.313000
1.631000
1.222000
0.590000
2.104000
0.421000
1.174000
4.732000
1.289000
4.588000
4.652000
1.647000
1.916000
1.778000
2.930000
4.049000
2.377000
2.353000
1.240000
0.595000
2.908000
2.070000
2.124000
1.334000
0.925000
1.492000
0.760000
3.262000
1.272000
3.627000
0.682000
1.057000
2.368000
1.821000
0.961000
1.825000
2.620000
1.325000
3.305000
1.665000
0.423000
4.796000
4.694000
3.250000
3.750000
1.704000
0.608000
0.811000
5.037000
1.680000
4.824000
2.661000
1.686000
3.996000
1.506000
0.606000
0.620000
1.865000
3.656000
2.857000
1.248000
2.818000
0.845000
4.702000
1.346000
1.176000
1.250000
1.599000
1.335000
1.314000
3.628000
0.799000
1.346000
2.675000
2.778000
1.541000
1.076000
0.946000
0.665000
5.796000
1.314000
1.305000
1.125000
4.493000
1.322000
1.088000
5.561000
6.056000
0.869000
1.303000
1.293000
3.653000
5.963000
1.322000
1.258000
1.338000
1.305000
5.790000
1.229000
1.313000
1.319000
1.147000
1.312000
1.312000
1.157000
1.180000
1.328000
1.320000
3.649000
1.276000
1.059000
1.309000
1.320000
5.826000
1.269000
1.310000
0.986000
1.449000
0.661000
0.955000
0.737000
1.234000
1.015000
1.618000
1.570000
1.575000
7.519000
6.336000
1.230000
1.597000
11.937000
11.933000
1.786000
1.819000
1.666000
1.633000
1.796000
1.625000
11.492000
1.324000
1.340000
1.730000
1.353000
1.555000
1.811000
1.780000
2.122000
1.614000
11.874000
1.769000
1.632000
1.379000
1.779000
1.631000
1.221000
1.761000
0.921000
1.342000
1.333000
1.831000
1.640000
1.323000
2.930000
2.115000
1.118000
0.900000
1.315000
1.576000
1.627000
1.345000
1.561000
1.327000
1.671000
1.533000
1.632000
1.597000
1.314000
1.699000
1.079000
1.636000
1.633000
1.314000
1.343000
1.574000
11.507000
1.047000
1.319000
2.104000
1.726000
1.605000
0.956000
1.584000
1.772000
1.320000
1.566000
1.266000
1.602000
1.561000
1.606000
1.338000
1.903000
1.820000
1.346000
1.749000
1.310000
1.337000
1.338000
1.333000
1.263000
1.315000
1.708000
1.599000
1.318000
1.793000
1.317000
3.468000
1.766000
1.796000
1.332000
1.642000
1.607000
1.629000
1.590000
1.345000
1.228000
1.593000
1.313000
1.355000
1.562000
1.570000
1.865000
2.889000
2.107000
1.308000
1.597000
1.634000
1.376000
1.817000
1.743000
1.295000
1.330000
1.327000
1.311000
1.709000
1.299000
1.838000
3.506000
1.308000
1.336000
1.784000
1.344000
1.755000
1.861000
1.327000
1.805000
1.135000
2.888000
1.700000
3.268000
1.608000
1.604000
1.626000
0.955000
1.339000
1.577000
1.329000
1.114000
1.568000
2.917000
1.319000
1.316000
4.684000
1.539000
2.744000
1.606000
2.926000
1.245000
1.375000
1.312000
1.544000
2.782000
1.847000
1.741000
1.811000
2.013000
1.354000
2.362000
1.590000
1.770000
1.841000
1.320000
2.830000
1.615000
1.532000
1.354000
1.735000
1.258000
3.370000
1.654000
2.123000
1.309000
1.360000
1.616000
1.586000
1.304000
1.606000
2.633000
1.356000
1.261000
1.595000
1.063000
1.829000
1.570000
1.803000
2.913000
1.831000
1.311000
1.615000
1.365000
1.729000
1.331000
1.909000
1.379000
1.633000
1.800000
11.874000
2.796000
1.616000
1.328000
1.612000
1.145000
1.769000
1.343000
1.374000
1.752000
1.649000
2.932000
1.381000
0.940000
1.315000
1.594000
2.920000
1.742000
1.358000
1.596000
1.554000
1.402000
1.816000
1.329000
1.574000
1.320000
1.898000
3.627000
1.333000
1.608000
1.169000
1.307000
1.799000
1.326000
1.570000
1.778000
1.335000
1.269000
1.311000
1.858000
1.306000
1.713000
3.622000
1.598000
1.824000
1.877000
1.633000
1.908000
1.775000
1.413000
1.317000
1.299000
1.575000
1.768000
1.581000
1.573000
1.316000
1.317000
1.586000
1.316000
1.309000
1.600000
1.867000
1.766000
1.607000
1.330000
1.746000
2.824000
1.332000
1.629000
1.302000
1.336000
1.313000
1.554000
1.757000
1.852000
1.631000
1.317000
1.838000
1.764000
1.804000
1.329000
1.570000
1.265000
1.333000
1.774000
2.849000
1.322000
1.312000
1.357000
1.594000
1.864000
1.765000
1.874000
1.777000
1.519000
0.813000
1.315000
1.831000
1.310000
1.332000
1.336000
2.909000
1.199000
1.771000
1.321000
1.306000
1.562000
1.807000
1.616000
2.865000
1.338000
1.328000
1.215000
2.812000
1.596000
1.565000
1.335000
1.552000
1.852000
1.352000
1.323000
1.214000
1.096000
0.895000
1.869000
1.572000
1.378000
1.347000
1.801000
1.781000
2.848000
0.613000
1.643000
1.802000
1.829000
1.597000
1.581000
1.375000
1.342000
1.771000
1.808000
1.618000
1.354000
1.806000
2.775000
1.296000
1.317000
1.791000
1.384000
1.592000
1.849000
2.022000
1.338000
1.346000
11.933000
1.371000
1.328000
1.254000
1.355000
1.649000
1.767000
1.322000
1.813000
1.333000
1.984000
1.334000
1.553000
0.355000
1.555000
1.584000
1.660000
1.615000
1.713000
1.617000
1.344000
1.344000
0.343000
1.244000
1.519000
1.562000
1.552000
1.327000
1.623000
1.623000
1.762000
1.311000
1.582000
1.783000
2.858000
1.318000
1.774000
1.349000
1.600000
1.936000
1.302000
1.294000
1.300000
1.826000
3.696000
1.882000
1.766000
1.563000
1.813000
1.770000
1.336000
1.835000
1.420000
1.924000
1.834000
1.944000
1.884000
1.324000
1.627000
1.759000
1.330000
1.341000
1.771000
0.954000
1.609000
1.759000
1.183000
1.616000
1.846000
1.854000
1.600000
1.291000
1.750000
1.771000
1.855000
1.836000
1.219000
2.778000
1.339000
1.625000
1.909000
2.925000
1.774000
1.813000
1.314000
1.329000
1.634000
1.866000
1.325000
1.304000
1.857000
1.887000
1.227000
1.320000
1.594000
1.156000
1.219000
1.728000
1.329000
1.592000
1.758000
1.564000
1.865000
1.338000
1.311000
1.781000
1.584000
1.355000
1.642000
1.827000
2.102000
1.590000
1.774000
1.771000
0.612000
1.592000
1.572000
1.747000
1.607000
1.298000
1.862000
1.293000
1.602000
1.320000
1.688000
1.275000
1.833000
1.800000
1.564000
1.300000
1.826000
1.310000
1.895000
1.809000
3.929000
1.619000
1.869000
2.636000
1.803000
1.325000
1.888000
1.573000
1.595000
1.398000
1.816000
1.326000
1.573000
1.802000
1.335000
3.631000
2.893000
1.167000
1.733000
2.835000
1.656000
1.878000
1.549000
1.866000
1.309000
1.602000
1.849000
1.218000
1.891000
1.351000
1.619000
2.781000
1.260000
3.578000
1.667000
1.795000
1.319000
1.654000
1.360000
1.879000
1.329000
1.328000
1.321000
1.652000
1.617000
1.404000
1.327000
2.799000
1.753000
1.633000
1.329000
2.815000
1.583000
1.722000
1.630000
1.549000
1.319000
2.937000
1.375000
1.227000
0.346000
1.621000
0.646000
1.317000
1.315000
1.819000
1.312000
1.773000
1.309000
2.679000
1.638000
1.937000
1.499000
1.458000
1.324000
1.361000
1.345000
1.792000
1.331000
1.630000
1.808000
1.600000
1.864000
1.356000
0.625000
1.756000
1.749000
1.557000
0.925000
1.873000
1.203000
1.769000
1.592000
1.986000
1.397000
1.318000
1.343000
1.311000
2.892000
1.877000
1.715000
0.594000
1.860000
1.310000
1.330000
1.602000
1.829000
1.594000
1.312000
1.333000
1.187000
1.464000
1.354000
1.754000
1.779000
1.618000
1.593000
3.652000
1.322000
1.320000
1.688000
2.331000
2.757000
1.711000
1.612000
2.134000
1.833000
1.846000
1.757000
1.286000
2.018000
1.597000
1.856000
1.753000
2.885000
1.317000
2.360000
1.612000
2.600000
1.835000
1.554000
1.317000
2.763000
1.332000
2.358000
1.041000
3.571000
1.669000
1.726000
1.353000
1.331000
1.134000
1.739000
1.780000
1.731000
1.363000
3.656000
1.563000
1.652000
1.796000
1.325000
1.296000
2.835000
1.148000
1.518000
1.926000
1.334000
2.362000
1.526000
1.325000
1.342000
1.362000
1.371000
1.319000
1.714000
1.633000
2.016000
1.486000
2.089000
0.981000
1.868000
1.778000
1.642000
1.318000
0.343000
1.360000
2.355000
1.573000
1.879000
1.340000
1.349000
1.752000
1.622000
1.329000
3.574000
1.574000
1.374000
1.816000
1.371000
1.884000
1.341000
1.571000
1.327000
1.995000
1.529000
1.322000
2.023000
1.569000
0.821000
2.102000
1.323000
1.307000
1.601000
1.325000
1.577000
2.879000
1.814000
1.896000
1.336000
2.793000
0.944000
1.554000
1.564000
1.278000
2.032000
1.353000
0.954000
1.321000
1.704000
1.163000
1.314000
1.584000
1.349000
1.861000
1.563000
2.709000
1.309000
1.756000
1.757000
1.784000
1.796000
2.939000
1.337000
1.834000
2.872000
1.303000
1.599000
1.456000
1.562000
1.296000
1.303000
1.587000
1.355000
1.623000
1.783000
1.324000
1.619000
1.288000
0.593000
1.796000
1.735000
1.099000
2.929000
1.777000
1.856000
2.754000
2.843000
1.763000
1.592000
2.922000
1.346000
1.751000
1.347000
1.692000
1.308000
1.330000
1.582000
1.681000
1.597000
0.341000
1.608000
1.797000
1.005000
1.514000
1.852000
1.759000
1.300000
1.217000
1.832000
1.632000
1.329000
1.858000
1.586000
2.006000
1.348000
1.640000
3.583000
1.580000
1.782000
1.560000
1.327000
1.572000
1.326000
1.895000
1.306000
1.658000
1.572000
1.717000
1.260000
3.593000
1.219000
2.767000
1.681000
1.782000
1.304000
1.157000
1.764000
2.918000
1.198000
1.784000
1.659000
2.750000
0.959000
1.325000
1.626000
1.799000
1.110000
1.578000
1.764000
1.610000
1.233000
1.801000
1.295000
1.354000
0.918000
1.331000
1.330000
1.634000
1.354000
1.853000
1.790000
2.781000
1.725000
1.835000
1.613000
1.519000
1.562000
3.576000
2.779000
1.589000
1.715000
1.560000
1.657000
1.339000
1.721000
1.417000
1.317000
2.111000
1.615000
1.585000
1.357000
1.560000
1.838000
2.720000
1.313000
1.580000
1.744000
1.563000
1.576000
1.316000
1.326000
1.347000
1.824000
2.125000
1.577000
1.859000
1.387000
2.615000
0.938000
1.804000
2.890000
1.610000
1.682000
1.251000
1.334000
1.592000
1.663000
1.792000
2.328000
0.832000
2.748000
1.576000
1.339000
1.316000
3.624000
1.738000
1.796000
1.316000
1.314000
2.094000
0.679000
1.754000
1.543000
1.317000
1.813000
1.813000
1.588000
1.389000
1.327000
2.647000
3.592000
1.846000
2.689000
1.333000
2.013000
1.344000
1.243000
1.751000
1.628000
2.746000
1.636000
1.779000
1.321000
1.366000
1.564000
4.273000
1.760000
2.854000
2.743000
1.600000
1.320000
1.577000
1.555000
1.862000
1.186000
1.824000
1.320000
1.831000
1.598000
2.940000
1.251000
3.622000
2.928000
1.329000
2.727000
1.799000
1.222000
1.330000
0.339000
1.322000
1.791000
1.786000
1.774000
1.997000
1.847000
1.762000
1.635000
0.921000
1.338000
1.340000
1.352000
1.569000
1.323000
1.345000
3.097000
1.329000
1.843000
1.879000
1.271000
1.866000
1.336000
1.884000
1.809000
1.579000
1.854000
1.208000
1.938000
1.340000
1.604000
1.470000
1.388000
1.330000
1.563000
1.809000
1.664000
1.271000
1.850000
1.548000
2.836000
2.131000
0.172000
3.597000
1.358000
1.581000
1.775000
1.350000
1.338000
2.706000
1.114000
1.741000
2.704000
1.311000
1.835000
1.324000
1.500000
1.285000
2.757000
2.656000
2.830000
2.787000
1.634000
1.614000
1.852000
1.332000
1.579000
1.211000
1.073000
1.825000
1.109000
1.324000
1.718000
1.642000
1.733000
1.305000
1.549000
2.908000
0.845000
1.772000
3.615000
1.777000
1.346000
0.112000
1.902000
1.315000
1.615000
1.360000
1.798000
2.861000
1.786000
1.312000
1.165000
1.757000
1.297000
1.318000
1.446000
1.842000
1.573000
2.746000
1.998000
1.853000
2.799000
2.627000
2.927000
1.359000
2.882000
1.274000
1.869000
2.365000
0.620000
3.737000
1.849000
2.824000
1.332000
1.309000
1.650000
1.571000
2.872000
1.603000
1.770000
1.634000
1.576000
1.786000
1.782000
1.760000
1.331000
1.892000
1.365000
1.343000
2.337000
1.350000
2.005000
1.569000
1.797000
1.644000
1.851000
1.304000
1.849000
1.826000
1.295000
1.703000
1.814000
1.311000
1.350000
0.101000
1.320000
1.853000
1.248000
3.514000
1.365000
1.300000
1.755000
1.789000
2.891000
1.774000
1.788000
1.761000
1.601000
3.664000
2.899000
1.313000
1.864000
1.892000
1.358000
1.746000
1.671000
1.264000
3.878000
1.390000
1.320000
1.764000
1.778000
1.548000
1.361000
1.613000
1.035000
1.315000
1.338000
1.737000
4.001000
1.863000
1.466000
1.329000
1.316000
1.310000
1.919000
2.549000
1.756000
1.875000
1.659000
1.326000
1.361000
1.315000
2.799000
1.801000
1.334000
1.811000
1.214000
1.895000
2.330000
0.693000
2.605000
1.608000
1.316000
1.768000
1.326000
1.608000
1.868000
1.823000
1.801000
1.830000
1.702000
1.326000
1.563000
1.257000
1.589000
1.626000
1.566000
1.769000
1.313000
1.797000
1.560000
1.605000
1.298000
1.315000
1.353000
1.297000
1.811000
1.329000
1.585000
1.322000
1.778000
1.795000
1.655000
1.278000
1.800000
1.675000
2.828000
1.307000
1.522000
1.321000
1.640000
0.626000
1.753000
1.885000
1.648000
2.760000
1.863000
1.798000
1.562000
2.872000
1.721000
1.266000
1.825000
1.310000
1.176000
1.321000
1.315000
0.688000
1.564000
0.176000
1.831000
2.005000
1.136000
1.304000
1.868000
0.926000
1.522000
1.301000
1.365000
1.559000
1.893000
1.252000
1.325000
1.622000
1.348000
1.581000
1.314000
1.276000
2.313000
1.308000
1.889000
1.823000
1.805000
0.951000
2.838000
1.666000
2.879000
1.816000
1.329000
1.587000
1.821000
1.870000
1.780000
1.089000
1.543000
1.273000
1.411000
1.319000
1.313000
3.497000
1.852000
1.822000
1.231000
1.445000
1.330000
1.472000
1.824000
1.769000
1.551000
1.787000
1.818000
1.597000
1.330000
1.330000
1.560000
1.623000
2.692000
2.767000
1.304000
1.343000
1.548000
1.310000
1.746000
1.373000
2.759000
1.568000
1.563000
1.811000
1.534000
1.794000
1.369000
1.092000
1.828000
1.319000
1.636000
1.657000
1.324000
1.867000
1.911000
1.514000
1.494000
1.790000
1.331000
1.077000
1.317000
1.659000
2.016000
1.637000
1.338000
1.803000
1.336000
1.391000
1.615000
1.832000
1.573000
1.587000
1.316000
1.769000
0.653000
1.307000
1.518000
1.319000
1.638000
2.040000
1.777000
1.792000
1.344000
1.329000
2.830000
1.345000
0.115000
2.304000
1.587000
0.616000
2.767000
0.874000
1.351000
1.771000
1.628000
1.129000
1.331000
1.356000
1.641000
1.762000
1.268000
2.781000
2.912000
0.937000
1.787000
1.337000
0.421000
3.579000
1.312000
1.319000
1.311000
3.019000
1.825000
2.677000
1.614000
1.621000
1.789000
1.825000
1.725000
1.319000
1.585000
1.920000
1.570000
1.315000
1.630000
1.569000
1.196000
1.591000
1.225000
2.825000
1.865000
1.749000
1.229000
1.295000
1.555000
1.832000
1.484000
1.606000
1.601000
2.087000
2.350000
1.192000
1.710000
1.323000
2.778000
1.329000
2.833000
1.255000
1.783000
1.613000
0.314000
1.232000
1.338000
1.140000
1.090000
6.023000
1.287000
1.318000
2.008000
2.783000
2.922000
1.344000
1.585000
2.803000
1.303000
1.323000
1.327000
2.818000
2.885000
1.524000
1.217000
1.263000
1.195000
1.832000
1.232000
1.321000
1.313000
1.296000
1.798000
1.614000
1.340000
1.182000
1.314000
1.583000
1.244000
1.574000
1.274000
1.226000
1.831000
1.788000
1.586000
3.434000
1.564000
1.539000
1.323000
1.322000
2.827000
1.567000
1.368000
2.920000
1.351000
1.493000
1.961000
1.529000
1.779000
1.867000
1.800000
1.334000
1.348000
1.381000
2.611000
1.338000
2.855000
1.329000
1.838000
1.619000
1.310000
1.569000
1.539000
1.594000
0.337000
3.641000
1.278000
1.340000
1.314000
2.707000
2.843000
1.398000
1.197000
1.591000
2.763000
2.947000
1.858000
1.655000
1.754000
1.785000
1.289000
1.818000
1.339000
1.824000
1.819000
1.302000
1.147000
1.312000
1.791000
1.379000
2.882000
1.727000
1.311000
1.788000
1.847000
2.778000
2.348000
1.575000
2.801000
0.664000
1.602000
1.212000
2.029000
0.489000
1.706000
1.517000
1.300000
2.829000
1.892000
1.865000
1.560000
2.817000
1.321000
2.822000
1.692000
1.565000
1.331000
1.809000
1.687000
1.309000
1.337000
1.609000
1.833000
1.336000
1.311000
1.561000
1.947000
1.266000
2.312000
1.658000
1.346000
1.350000
1.588000
2.030000
1.340000
2.899000
1.309000
1.335000
2.049000
1.813000
1.340000
1.567000
1.320000
1.357000
1.612000
2.110000
1.763000
1.331000
1.345000
1.169000
1.618000
1.320000
1.591000
2.122000
1.711000
1.555000
1.783000
1.506000
0.464000
1.212000
1.201000
1.817000
1.329000
1.331000
0.617000
1.607000
1.344000
1.319000
1.305000
1.534000
1.770000
1.306000
1.592000
1.295000
2.744000
1.782000
1.315000
2.809000
1.618000
1.600000
1.875000
2.109000
1.311000
2.835000
1.358000
1.837000
2.754000
1.699000
3.641000
2.764000
1.097000
1.328000
1.310000
1.334000
1.819000
1.801000
1.669000
2.624000
2.858000
1.099000
1.329000
1.338000
1.319000
3.516000
1.741000
1.572000
1.322000
1.301000
2.894000
0.645000
1.173000
1.326000
1.809000
1.814000
1.730000
1.615000
4.368000
2.895000
1.894000
2.932000
1.663000
2.915000
1.333000
1.324000
1.781000
1.318000
1.354000
1.339000
1.353000
1.612000
4.492000
3.601000
1.288000
1.349000
1.319000
1.276000
1.622000
1.885000
1.572000
2.805000
1.348000
1.317000
1.788000
1.536000
1.324000
1.302000
1.742000
0.914000
1.602000
1.743000
1.770000
1.359000
1.291000
1.313000
1.135000
1.238000
1.278000
1.775000
0.853000
2.889000
1.339000
1.799000
1.773000
4.399000
1.788000
1.531000
1.754000
1.350000
1.828000
1.619000
1.791000
1.857000
1.510000
1.778000
1.316000
0.613000
1.823000
2.920000
1.678000
2.720000
1.120000
0.943000
1.307000
1.914000
1.309000
2.018000
1.848000
1.817000
1.313000
1.339000
1.603000
1.319000
1.795000
1.307000
1.342000
1.341000
1.339000
1.261000
2.771000
2.912000
1.559000
2.110000
1.336000
1.303000
1.234000
2.623000
1.327000
1.148000
1.555000
1.346000
1.875000
1.330000
2.930000
1.646000
1.794000
0.810000
2.014000
0.645000
1.321000
1.847000
1.858000
1.799000
1.321000
1.257000
1.899000
1.579000
1.573000
2.922000
0.884000
1.816000
3.628000
2.123000
1.197000
1.833000
1.554000
1.457000
1.173000
2.767000
1.324000
1.334000
1.331000
1.586000
1.560000
1.330000
1.572000
1.345000
2.746000
1.853000
2.007000
1.858000
1.637000
1.826000
1.791000
1.189000
1.336000
2.770000
1.444000
1.857000
1.067000
1.362000
1.343000
1.318000
1.788000
2.779000
1.574000
1.827000
1.793000
1.630000
3.571000
2.791000
1.317000
1.304000
1.311000
1.374000
1.806000
1.331000
1.211000
1.273000
1.554000
1.580000
1.315000
1.774000
1.329000
1.327000
1.597000
1.280000
0.180000
1.421000
1.328000
2.768000
1.714000
2.325000
3.467000
1.527000
1.866000
1.351000
1.864000
1.630000
1.281000
1.646000
1.308000
3.275000
1.734000
1.304000
1.539000
2.865000
1.803000
1.646000
1.802000
2.830000
1.720000
1.906000
1.598000
1.235000
1.355000
1.210000
1.575000
2.020000
1.572000
1.575000
6.062000
2.925000
1.232000
1.317000
2.844000
1.662000
1.308000
1.625000
1.358000
1.566000
1.336000
1.359000
0.943000
1.860000
1.613000
0.630000
1.572000
2.843000
1.134000
1.313000
1.815000
2.085000
1.320000
1.744000
2.839000
1.311000
1.315000
1.779000
1.267000
1.787000
1.318000
1.367000
1.352000
1.361000
1.594000
1.301000
1.595000
7.308000
1.041000
1.294000
1.317000
1.582000
1.539000
1.840000
1.307000
1.305000
1.332000
1.831000
1.293000
1.789000
3.628000
1.756000
1.589000
3.585000
1.254000
1.899000
1.856000
1.827000
0.883000
1.288000
1.552000
1.763000
2.918000
1.522000
1.713000
1.601000
0.152000
1.117000
1.303000
1.768000
1.258000
1.563000
1.833000
1.587000
1.771000
1.768000
1.272000
1.785000
1.313000
1.818000
2.879000
1.805000
1.201000
2.888000
1.819000
1.590000
2.911000
1.809000
0.835000
1.341000
1.315000
2.859000
1.555000
1.324000
1.613000
1.883000
0.694000
3.613000
1.335000
1.224000
1.603000
1.601000
1.604000
1.882000
1.323000
1.605000
1.574000
1.333000
2.914000
1.307000
1.375000
1.903000
1.909000
1.342000
1.348000
1.317000
1.581000
2.952000
1.328000
1.332000
1.130000
1.589000
2.905000
1.707000
1.361000
1.503000
1.365000
1.345000
1.918000
1.361000
1.613000
1.276000
1.621000
1.323000
2.900000
1.322000
0.972000
1.807000
1.786000
1.836000
1.302000
0.572000
1.336000
1.342000
1.756000
1.474000
1.186000
1.604000
1.337000
1.343000
1.567000
1.077000
1.330000
1.924000
1.644000
1.778000
1.791000
1.315000
2.813000
1.326000
1.382000
1.386000
1.328000
1.552000
1.306000
1.357000
1.491000
1.565000
2.951000
1.616000
1.336000
2.723000
1.559000
1.579000
1.315000
3.529000
1.574000
1.749000
1.324000
1.568000
1.567000
1.615000
1.795000
3.764000
1.573000
1.593000
1.757000
1.333000
1.299000
1.835000
1.324000
1.323000
1.592000
1.327000
1.748000
1.310000
1.315000
1.372000
1.332000
1.504000
1.603000
1.314000
1.282000
1.286000
1.689000
1.764000
1.331000
2.916000
1.288000
1.355000
1.748000
1.226000
1.280000
1.734000
1.454000
1.981000
1.248000
1.802000
1.320000
1.616000
1.715000
1.320000
1.677000
1.836000
1.868000
1.059000
1.421000
1.325000
1.258000
1.230000
1.876000
2.801000
1.572000
1.669000
1.799000
1.773000
1.303000
1.797000
1.649000
1.672000
1.300000
1.161000
1.809000
1.288000
1.900000
1.587000
1.590000
1.280000
1.335000
1.602000
1.857000
1.333000
1.331000
1.556000
1.781000
1.620000
1.713000
1.637000
1.312000
2.846000
1.172000
1.607000
1.657000
1.316000
1.703000
2.023000
1.463000
1.139000
1.851000
1.812000
1.296000
1.328000
1.094000
1.304000
1.651000
2.118000
2.004000
1.763000
1.308000
1.569000
2.118000
1.245000
1.256000
1.325000
1.608000
0.623000
2.771000
1.754000
2.001000
1.770000
1.356000
1.314000
0.198000
1.642000
1.921000
1.792000
1.595000
1.894000
1.658000
1.804000
1.617000
0.684000
2.016000
1.782000
1.329000
1.457000
1.237000
1.625000
1.841000
0.939000
1.318000
1.883000
1.324000
1.618000
1.332000
2.798000
1.519000
1.342000
1.359000
1.314000
1.326000
1.295000
1.225000
1.554000
3.608000
2.102000
1.824000
1.067000
1.219000
1.725000
1.340000
1.317000
1.602000
1.322000
1.318000
1.707000
1.816000
1.798000
1.318000
1.321000
1.332000
1.331000
1.318000
1.595000
1.734000
1.317000
1.308000
1.757000
1.756000
1.322000
1.234000
1.352000
1.889000
1.301000
1.331000
1.479000
1.295000
2.907000
1.752000
1.179000
1.558000
1.360000
1.324000
1.367000
1.330000
1.311000
1.368000
1.568000
1.583000
1.773000
2.894000
2.867000
1.886000
1.263000
1.638000
1.333000
1.297000
1.308000
1.573000
1.784000
1.323000
2.889000
2.804000
1.242000
1.601000
1.316000
1.251000
1.779000
1.306000
1.307000
1.317000
1.822000
2.780000
1.566000
1.819000
2.758000
1.337000
0.348000
3.625000
1.347000
1.578000
1.314000
1.063000
1.929000
1.307000
1.532000
1.584000
3.613000
1.815000
1.811000
0.399000
1.323000
1.856000
1.306000
1.303000
1.281000
1.574000
1.318000
1.480000
1.583000
2.619000
1.555000
1.304000
1.273000
2.855000
1.364000
1.757000
2.801000
1.212000
1.477000
1.248000
1.575000
1.321000
1.549000
1.609000
1.749000
1.305000
2.756000
1.315000
6.057000
1.310000
1.295000
1.811000
1.814000
1.307000
1.357000
1.330000
1.873000
1.832000
1.839000
1.037000
1.302000
1.300000
1.869000
1.327000
1.330000
1.336000
1.283000
1.593000
1.324000
1.301000
1.629000
1.555000
1.590000
1.567000
1.879000
1.630000
2.897000
1.587000
1.290000
1.354000
1.377000
1.452000
1.851000
1.663000
1.211000
1.323000
1.322000
1.773000
1.597000
3.639000
1.579000
1.315000
1.145000
2.797000
1.647000
1.299000
1.851000
1.292000
1.720000
1.780000
1.331000
1.258000
1.568000
1.149000
1.713000
1.348000
1.605000
1.242000
1.334000
1.676000
1.332000
1.318000
1.607000
1.872000
1.858000
1.828000
1.774000
1.256000
1.611000
1.306000
1.386000
1.318000
2.783000
1.350000
1.826000
1.641000
1.577000
1.313000
1.607000
1.118000
1.316000
1.297000
1.272000
2.825000
1.325000
1.750000
1.320000
1.320000
2.777000
2.723000
1.919000
1.335000
3.941000
1.569000
1.318000
1.336000
1.324000
1.691000
2.636000
1.525000
1.357000
1.585000
1.173000
1.774000
1.294000
1.565000
1.622000
2.956000
1.552000
2.850000
1.331000
5.523000
1.317000
2.681000
1.567000
1.133000
1.334000
1.315000
1.295000
1.690000
1.236000
1.569000
1.658000
1.835000
2.826000
1.593000
1.474000
1.606000
3.520000
1.850000
3.968000
2.811000
1.815000
1.312000
1.354000
2.111000
1.320000
1.639000
1.732000
1.341000
1.906000
1.824000
1.606000
1.791000
1.859000
1.553000
1.758000
1.737000
1.751000
1.809000
1.330000
1.228000
1.841000
1.301000
1.255000
2.017000
1.688000
1.340000
1.321000
2.615000
1.626000
1.908000
2.865000
1.559000
1.808000
1.338000
1.299000
1.563000
1.603000
1.102000
1.613000
2.926000
1.847000
1.255000
1.786000
1.308000
1.610000
1.254000
2.883000
1.569000
1.817000
1.432000
1.581000
1.322000
2.868000
1.499000
1.291000
2.891000
1.324000
1.332000
11.924000
3.601000
0.755000
1.334000
1.332000
1.566000
1.585000
1.852000
1.619000
1.328000
1.321000
1.759000
1.830000
1.579000
1.879000
1.627000
1.629000
1.623000
1.325000
5.788000
1.508000
1.585000
1.606000
3.665000
1.593000
4.856000
1.728000
1.310000
1.549000
1.627000
1.661000
1.824000
2.710000
1.625000
1.221000
1.998000
1.818000
1.302000
1.563000
1.336000
1.722000
1.769000
3.610000
3.491000
4.214000
1.562000
2.786000
1.812000
1.293000
0.658000
1.308000
1.319000
1.303000
2.797000
1.337000
1.588000
2.854000
1.594000
1.781000
2.866000
1.745000
1.811000
1.780000
1.304000
1.151000
1.263000
1.201000
1.837000
1.346000
1.206000
1.321000
1.700000
3.646000
1.552000
1.367000
2.120000
1.815000
1.643000
1.812000
1.874000
1.707000
1.301000
1.571000
1.522000
1.360000
0.751000
1.318000
2.824000
1.352000
1.721000
1.753000
0.850000
1.401000
1.658000
1.794000
1.216000
1.070000
2.749000
1.564000
1.555000
1.304000
1.820000
1.299000
1.777000
1.154000
1.791000
1.775000
1.596000
1.136000
1.351000
1.341000
1.311000
0.930000
1.309000
1.652000
1.629000
0.913000
2.358000
1.625000
1.864000
1.813000
1.759000
0.971000
2.826000
1.315000
1.478000
1.812000
1.875000
1.300000
1.667000
1.309000
1.434000
1.311000
1.311000
1.324000
1.292000
1.349000
1.788000
1.319000
1.165000
2.006000
1.325000
1.320000
1.168000
1.640000
1.320000
3.724000
1.761000
1.350000
1.621000
1.325000
0.852000
1.317000
1.246000
1.219000
0.922000
1.721000
1.308000
1.609000
1.314000
1.573000
1.601000
1.335000
0.573000
1.353000
1.764000
0.669000
1.323000
1.186000
1.355000
1.338000
1.776000
1.590000
1.537000
1.537000
1.358000
1.571000
1.320000
1.314000
1.384000
1.314000
1.640000
1.248000
1.196000
1.328000
1.431000
1.465000
1.628000
1.320000
0.720000
3.589000
1.352000
1.313000
1.224000
1.321000
1.311000
1.573000
4.778000
1.021000
1.861000
1.591000
1.321000
1.274000
1.757000
1.580000
1.015000
1.420000
1.335000
1.175000
1.441000
1.241000
