4.370000
0.636000
4.198000
4.808000
4.675000
3.845000
4.610000
1.266000
1.909000
4.768000
4.036000
4.480000
3.894000
0.698000
4.753000
0.619000
4.677000
1.675000
5.685000
4.245000
4.017000
1.003000
4.583000
4.320000
0.682000
5.495000
4.458000
3.667000
0.777000
4.066000
4.568000
4.758000
3.422000
3.478000
4.830000
5.517000
0.912000
1.890000
1.757000
4.724000
0.645000
4.766000
4.201000
1.065000
2.126000
4.350000
4.464000
3.941000
4.550000
4.204000
1.180000
3.691000
4.829000
4.692000
0.897000
0.621000
4.788000
0.664000
4.630000
0.615000
0.725000
0.879000
0.775000
4.500000
4.289000
0.630000
4.366000
4.339000
4.361000
4.527000
4.675000
0.870000
4.666000
4.334000
0.916000
0.829000
4.446000
4.703000
4.482000
4.343000
4.579000
0.697000
4.483000
4.585000
4.645000
3.987000
0.845000
4.842000
0.745000
0.669000
0.687000
4.569000
0.935000
1.868000
1.412000
5.747000
0.805000
1.112000
0.906000
4.524000
1.632000
4.536000
0.934000
3.456000
0.633000
1.877000
4.684000
0.796000
1.435000
2.125000
0.690000
0.925000
0.908000
1.481000
4.754000
0.988000
1.761000
1.029000
0.675000
0.651000
4.783000
0.750000
5.498000
0.918000
0.615000
4.684000
4.383000
2.092000
3.583000
0.904000
4.687000
4.558000
4.366000
3.475000
1.871000
4.463000
3.900000
0.790000
3.967000
1.870000
4.563000
3.818000
4.902000
0.925000
0.913000
0.786000
0.670000
2.096000
0.905000
4.618000
0.978000
4.368000
4.699000
0.781000
4.280000
0.614000
0.605000
5.609000
4.373000
2.319000
3.462000
4.555000
0.665000
5.790000
0.875000
0.657000
4.518000
4.334000
4.575000
3.518000
0.926000
3.278000
5.754000
3.970000
2.112000
0.913000
1.510000
4.609000
1.284000
4.536000
1.773000
0.663000
3.515000
1.159000
3.715000
3.486000
1.344000
1.236000
4.454000
4.431000
4.334000
4.389000
0.640000
1.134000
2.033000
4.037000
4.675000
1.683000
0.848000
1.697000
2.377000
4.546000
4.663000
4.741000
0.890000
0.676000
3.895000
0.695000
5.510000
1.034000
4.701000
3.393000
3.853000
5.622000
1.175000
4.580000
1.870000
4.574000
0.783000
1.897000
0.649000
0.906000
2.092000
0.908000
4.374000
5.276000
4.642000
5.087000
0.821000
0.919000
4.742000
5.348000
4.464000
4.599000
2.099000
4.018000
3.850000
0.927000
3.676000
4.429000
0.949000
4.575000
4.672000
4.201000
4.647000
3.683000
0.647000
4.691000
5.389000
4.584000
5.136000
2.330000
4.332000
3.763000
4.406000
5.406000
4.810000
0.614000
0.918000
4.763000
4.647000
5.499000
5.428000
0.914000
1.105000
3.852000
5.642000
4.747000
1.687000
4.415000
3.815000
0.903000
2.081000
0.671000
2.000000
1.668000
4.752000
4.526000
3.456000
0.988000
0.669000
4.526000
6.389000
4.151000
2.118000
0.652000
3.492000
0.636000
0.862000
3.861000
4.836000
3.449000
4.598000
4.174000
0.620000
4.489000
0.926000
1.308000
1.275000
4.855000
4.378000
4.622000
2.112000
4.170000
4.523000
3.875000
4.443000
4.713000
1.169000
1.788000
2.098000
4.688000
0.855000
4.637000
0.788000
4.726000
4.468000
4.500000
0.604000
4.801000
4.419000
0.652000
3.461000
4.354000
0.689000
0.942000
5.256000
0.660000
1.606000
0.916000
3.475000
4.457000
2.094000
1.177000
3.640000
4.698000
3.989000
4.671000
3.897000
0.624000
1.034000
4.896000
1.734000
3.674000
4.716000
4.609000
4.599000
3.914000
2.926000
4.665000
3.695000
3.758000
3.512000
3.324000
4.376000
0.616000
0.917000
4.322000
0.917000
0.937000
1.608000
1.665000
0.663000
0.824000
0.703000
5.210000
0.932000
0.627000
4.374000
0.821000
3.717000
0.694000
0.609000
0.919000
0.853000
4.564000
0.635000
4.710000
4.805000
4.458000
4.369000
3.847000
4.310000
3.186000
0.644000
0.900000
4.128000
4.003000
4.487000
3.468000
0.837000
3.914000
0.654000
0.674000
4.715000
4.808000
3.772000
0.639000
5.369000
4.591000
5.552000
0.919000
2.108000
3.841000
4.619000
4.671000
4.493000
3.500000
4.507000
3.648000
0.814000
3.890000
3.883000
0.916000
4.890000
6.057000
0.625000
4.030000
4.469000
1.504000
4.002000
4.441000
4.816000
4.637000
4.425000
4.330000
5.075000
4.488000
4.366000
3.401000
4.439000
4.598000
4.696000
0.905000
0.922000
1.250000
4.420000
4.532000
4.562000
0.605000
0.671000
0.693000
3.647000
3.387000
4.836000
0.614000
0.686000
4.933000
4.619000
1.455000
4.445000
3.681000
4.573000
4.637000
1.939000
0.745000
3.726000
1.251000
0.899000
2.115000
0.757000
3.665000
0.618000
4.433000
0.831000
2.098000
1.801000
1.288000
2.931000
0.642000
4.339000
2.009000
3.527000
4.519000
0.688000
1.864000
0.941000
4.650000
3.654000
4.587000
4.545000
4.667000
4.620000
1.685000
1.790000
2.120000
0.897000
0.664000
0.631000
1.312000
0.588000
3.908000
0.672000
0.786000
4.298000
4.394000
1.849000
1.866000
0.817000
3.993000
1.271000
0.919000
4.306000
4.210000
3.877000
4.646000
4.034000
3.504000
1.398000
4.643000
0.654000
0.611000
4.637000
4.408000
0.913000
1.669000
3.456000
3.409000
0.635000
0.670000
3.664000
4.015000
1.447000
0.908000
4.359000
4.747000
5.166000
0.665000
0.912000
0.923000
1.010000
0.612000
2.933000
1.078000
2.064000
4.580000
0.628000
4.720000
4.458000
0.848000
5.058000
4.190000
0.933000
3.675000
4.594000
0.678000
1.441000
4.630000
0.629000
4.004000
0.680000
4.329000
4.731000
4.305000
4.547000
3.888000
0.646000
0.838000
4.847000
4.374000
0.916000
0.656000
4.683000
0.652000
4.166000
4.401000
0.894000
0.922000
0.677000
1.029000
4.468000
5.308000
4.400000
0.615000
4.272000
0.926000
4.697000
0.941000
3.614000
3.478000
3.981000
3.688000
4.397000
4.750000
4.802000
0.898000
4.590000
0.928000
0.869000
4.489000
2.114000
3.832000
5.390000
1.316000
3.462000
4.459000
0.624000
3.474000
3.628000
0.958000
4.911000
0.896000
0.888000
1.181000
2.125000
4.389000
0.925000
0.854000
1.699000
0.932000
0.614000
4.250000
4.133000
0.815000
1.038000
1.003000
3.876000
3.463000
0.631000
1.014000
4.373000
2.125000
4.637000
4.648000
3.660000
5.315000
3.848000
4.636000
4.495000
3.899000
4.638000
3.753000
0.837000
3.824000
0.615000
0.630000
4.444000
3.848000
5.136000
1.898000
4.820000
1.748000
0.615000
3.751000
5.415000
4.892000
0.621000
4.319000
0.688000
4.401000
0.975000
0.913000
4.008000
0.657000
4.701000
2.123000
0.693000
0.877000
4.615000
1.166000
4.391000
0.813000
1.303000
7.737000
5.585000
5.745000
5.730000
6.057000
6.064000
0.983000
1.095000
5.666000
1.138000
5.985000
6.049000
1.176000
1.239000
1.124000
1.046000
1.167000
1.237000
1.075000
1.242000
5.837000
1.311000
1.154000
1.048000
1.228000
5.860000
1.250000
5.790000
1.790000
5.634000
6.041000
5.728000
6.046000
1.302000
1.131000
1.218000
5.995000
1.186000
1.145000
5.671000
6.045000
6.043000
1.143000
0.895000
6.055000
1.253000
1.306000
1.281000
1.260000
1.238000
5.486000
1.147000
1.296000
6.057000
1.300000
5.935000
1.101000
1.085000
6.066000
1.578000
8.563000
1.470000
0.913000
0.672000
1.653000
1.562000
1.318000
1.564000
1.314000
1.313000
1.602000
1.319000
1.597000
1.367000
1.599000
1.114000
0.695000
11.929000
1.704000
1.700000
1.170000
1.814000
1.585000
0.974000
1.764000
1.675000
1.618000
1.353000
1.594000
1.320000
1.596000
1.317000
1.592000
1.308000
1.700000
1.333000
1.606000
1.685000
1.590000
1.441000
1.333000
1.360000
1.330000
1.716000
1.600000
1.602000
1.575000
3.448000
1.590000
1.599000
1.597000
1.733000
1.334000
1.294000
1.288000
1.794000
1.591000
1.744000
2.893000
1.584000
1.743000
1.700000
1.293000
1.746000
0.943000
1.612000
1.311000
1.615000
1.111000
3.591000
1.344000
1.679000
1.310000
1.312000
1.639000
1.307000
1.339000
1.573000
2.309000
1.600000
1.130000
1.763000
1.314000
1.330000
1.716000
1.690000
1.604000
1.366000
1.692000
1.567000
1.526000
1.716000
2.005000
1.572000
1.803000
2.106000
1.323000
3.409000
1.731000
1.555000
1.362000
1.766000
1.607000
3.678000
1.768000
2.002000
1.679000
1.061000
1.769000
1.481000
1.313000
1.425000
1.341000
1.829000
1.323000
1.595000
1.602000
1.328000
1.322000
1.842000
1.586000
1.729000
1.855000
1.640000
1.330000
1.872000
1.771000
1.802000
1.575000
1.540000
1.324000
1.297000
0.944000
1.590000
1.780000
1.354000
1.324000
0.930000
1.355000
1.749000
1.558000
1.597000
1.724000
1.989000
1.588000
1.844000
1.361000
1.309000
1.288000
1.679000
1.360000
1.667000
1.566000
1.529000
1.579000
1.578000
1.331000
1.598000
1.202000
1.783000
1.338000
1.319000
2.001000
1.810000
1.559000
1.615000
1.241000
1.350000
1.753000
1.587000
1.772000
1.663000
1.538000
1.772000
1.329000
1.316000
2.001000
1.797000
0.929000
1.341000
2.326000
1.277000
1.314000
2.094000
1.608000
1.858000
1.623000
1.326000
1.791000
1.816000
1.635000
1.323000
1.558000
1.328000
1.319000
1.750000
1.162000
2.024000
1.580000
1.824000
1.794000
1.313000
1.625000
0.933000
1.340000
1.331000
1.534000
1.315000
1.346000
1.883000
1.602000
1.152000
1.331000
1.730000
1.343000
1.733000
1.636000
1.591000
1.335000
1.717000
1.596000
1.311000
1.553000
1.847000
1.323000
3.625000
1.350000
1.742000
1.689000
1.258000
2.088000
1.614000
1.548000
0.995000
1.590000
1.633000
1.607000
1.618000
1.825000
1.998000
1.337000
2.000000
1.333000
1.544000
1.351000
1.917000
1.747000
1.301000
1.578000
1.333000
1.241000
1.326000
1.841000
1.631000
1.874000
1.762000
1.659000
1.353000
1.579000
2.931000
1.535000
1.320000
1.590000
1.555000
1.336000
1.319000
1.332000
1.664000
2.094000
1.309000
1.785000
1.340000
1.613000
1.495000
1.744000
1.319000
1.668000
3.074000
1.984000
1.818000
1.637000
1.557000
1.593000
1.722000
1.578000
1.824000
1.844000
1.336000
2.068000
1.694000
1.890000
1.823000
1.576000
1.550000
1.758000
1.644000
1.323000
1.595000
1.652000
1.614000
1.606000
1.352000
1.333000
1.796000
1.378000
1.596000
1.328000
1.332000
1.611000
1.777000
1.553000
1.599000
1.322000
2.897000
1.552000
2.331000
1.810000
1.332000
1.324000
1.327000
1.362000
1.605000
1.570000
3.652000
1.871000
1.799000
1.252000
1.138000
1.581000
1.740000
2.082000
1.636000
1.345000
1.812000
1.661000
1.984000
1.252000
1.353000
1.295000
3.591000
1.545000
1.799000
1.876000
1.902000
1.330000
1.205000
1.319000
1.329000
1.859000
1.354000
1.822000
1.306000
1.314000
1.598000
1.622000
1.549000
1.415000
1.616000
1.332000
1.331000
1.868000
1.552000
1.278000
1.821000
1.299000
1.317000
1.335000
1.195000
1.570000
1.661000
1.529000
1.791000
1.794000
1.238000
1.523000
1.318000
1.846000
1.308000
0.859000
1.610000
1.586000
2.002000
1.865000
11.930000
1.236000
1.823000
1.323000
1.771000
1.346000
1.600000
1.322000
2.126000
1.321000
1.315000
1.322000
1.289000
11.942000
1.602000
1.831000
1.623000
1.315000
1.308000
1.610000
1.518000
1.485000
3.593000
1.615000
1.609000
1.688000
1.326000
1.729000
0.926000
1.608000
1.349000
1.874000
1.642000
1.547000
1.289000
1.779000
1.782000
1.609000
1.843000
1.345000
1.010000
1.570000
1.572000
1.332000
1.858000
1.577000
0.943000
1.602000
1.327000
1.755000
1.081000
1.882000
1.593000
1.331000
1.551000
1.319000
1.921000
2.016000
1.331000
1.330000
3.578000
1.658000
1.284000
1.328000
0.915000
1.346000
1.762000
1.848000
1.584000
1.668000
1.317000
1.337000
1.627000
1.263000
1.756000
1.592000
1.319000
1.845000
1.305000
1.401000
1.340000
1.326000
1.352000
1.337000
1.849000
1.626000
2.955000
3.590000
1.330000
1.740000
1.632000
1.317000
1.347000
1.848000
1.722000
1.750000
1.560000
1.381000
1.734000
1.593000
1.754000
1.996000
1.595000
2.082000
1.292000
1.916000
1.560000
1.741000
1.799000
1.659000
1.775000
1.872000
1.796000
1.197000
1.323000
1.407000
0.942000
1.502000
1.582000
1.701000
1.599000
1.741000
1.322000
1.349000
1.319000
1.676000
1.643000
1.751000
1.639000
1.551000
1.780000
1.601000
1.654000
1.103000
1.774000
1.565000
1.211000
1.599000
1.355000
1.817000
1.557000
1.349000
1.147000
1.805000
1.304000
1.871000
2.890000
1.821000
1.847000
1.339000
1.921000
1.341000
1.689000
1.573000
1.332000
1.364000
1.912000
1.600000
1.329000
1.592000
1.639000
1.739000
1.724000
1.402000
1.338000
1.805000
1.624000
1.324000
1.614000
1.688000
1.710000
1.463000
1.544000
1.637000
1.325000
1.562000
1.885000
1.285000
1.327000
1.601000
1.676000
1.330000
1.296000
1.567000
1.305000
1.893000
1.327000
1.751000
1.323000
1.820000
1.522000
1.023000
3.728000
2.057000
1.344000
0.987000
1.786000
1.553000
1.062000
1.617000
2.906000
1.692000
1.828000
2.920000
3.606000
1.671000
1.331000
1.821000
1.784000
1.583000
1.844000
1.317000
1.631000
2.935000
11.939000
1.873000
1.613000
1.924000
1.780000
0.926000
1.540000
1.034000
1.567000
1.125000
1.776000
1.346000
1.746000
1.336000
1.324000
1.181000
1.567000
1.562000
1.348000
1.158000
1.598000
1.573000
1.770000
1.752000
1.809000
1.636000
2.886000
1.298000
0.932000
1.344000
1.615000
1.311000
1.899000
1.319000
1.562000
1.310000
1.592000
1.665000
1.560000
1.622000
1.464000
1.321000
1.269000
1.153000
1.129000
1.308000
2.648000
1.157000
1.496000
1.700000
1.614000
1.574000
1.460000
1.325000
1.850000
1.818000
2.115000
2.006000
1.836000
1.740000
1.794000
1.731000
1.357000
1.840000
1.340000
1.824000
1.364000
1.379000
3.623000
1.813000
1.715000
1.343000
1.558000
1.750000
0.930000
1.759000
1.564000
1.767000
1.081000
1.336000
1.352000
1.531000
1.324000
1.563000
1.337000
1.304000
1.908000
1.573000
2.893000
1.561000
1.254000
1.791000
1.047000
1.620000
1.827000
1.738000
1.118000
1.315000
1.501000
1.342000
1.315000
1.307000
1.655000
2.076000
1.311000
1.223000
1.739000
1.617000
1.556000
1.606000
1.869000
1.325000
1.913000
1.346000
1.718000
1.343000
2.816000
1.607000
1.319000
1.635000
1.770000
1.735000
1.561000
1.602000
1.735000
1.224000
1.375000
3.602000
1.358000
1.892000
1.321000
1.729000
1.520000
1.308000
1.609000
1.547000
1.880000
1.331000
1.369000
1.112000
3.430000
1.652000
0.917000
1.142000
1.608000
1.796000
1.597000
2.351000
1.314000
1.310000
1.310000
1.338000
1.231000
1.334000
0.944000
1.688000
1.313000
1.563000
1.619000
1.719000
1.601000
1.878000
0.872000
1.323000
1.290000
1.326000
1.850000
1.580000
1.840000
1.329000
1.498000
1.624000
2.068000
1.446000
1.735000
1.350000
1.296000
0.961000
1.631000
1.754000
1.627000
1.334000
1.275000
1.322000
1.579000
1.797000
1.300000
1.686000
1.337000
1.032000
1.359000
1.796000
1.760000
1.090000
1.789000
1.614000
1.591000
1.291000
1.335000
3.198000
1.666000
1.501000
1.232000
1.599000
1.261000
1.609000
1.873000
1.910000
1.784000
1.758000
1.323000
1.889000
2.937000
1.605000
1.319000
1.619000
1.364000
1.859000
1.317000
1.313000
1.987000
1.342000
1.819000
1.349000
1.359000
1.858000
1.850000
1.946000
1.339000
1.323000
1.620000
1.338000
1.257000
1.590000
1.364000
1.553000
1.917000
1.315000
1.740000
1.747000
1.895000
1.642000
1.634000
2.947000
3.395000
1.774000
1.868000
1.302000
3.618000
1.618000
0.975000
1.359000
1.669000
1.555000
1.873000
1.139000
1.322000
1.784000
1.316000
1.366000
1.655000
1.503000
1.815000
1.237000
1.034000
1.817000
1.748000
1.336000
0.884000
2.011000
1.768000
1.869000
1.618000
2.105000
1.677000
1.634000
1.568000
1.596000
1.609000
1.613000
1.544000
1.801000
1.322000
0.914000
1.879000
1.416000
1.159000
1.827000
1.556000
1.573000
1.657000
1.184000
1.620000
1.401000
1.357000
1.564000
1.292000
1.829000
1.314000
1.166000
1.875000
1.639000
1.284000
1.604000
1.870000
1.612000
2.122000
1.829000
1.541000
3.508000
1.615000
1.648000
2.077000
1.328000
1.506000
1.319000
1.786000
1.307000
1.035000
1.551000
1.572000
1.590000
1.601000
1.630000
1.949000
1.356000
1.630000
1.337000
1.675000
1.325000
1.334000
1.632000
1.264000
1.720000
1.597000
1.814000
1.559000
1.586000
1.334000
2.082000
1.365000
1.747000
1.553000
1.797000
1.778000
1.639000
1.370000
1.363000
1.585000
1.576000
1.727000
1.360000
2.021000
0.880000
1.343000
3.950000
1.545000
1.871000
1.744000
1.559000
1.832000
1.867000
1.316000
1.359000
1.627000
1.767000
1.303000
1.299000
1.314000
1.313000
1.763000
1.567000
0.926000
1.432000
1.670000
1.330000
1.909000
1.646000
1.264000
1.138000
1.829000
1.326000
1.738000
0.915000
1.163000
1.573000
1.554000
1.331000
1.750000
1.788000
1.683000
0.660000
1.891000
1.557000
1.984000
1.848000
2.002000
1.565000
1.561000
1.796000
1.598000
1.325000
2.937000
1.839000
1.707000
1.342000
1.326000
2.113000
1.462000
1.675000
1.612000
1.629000
1.907000
1.306000
1.252000
1.334000
1.777000
1.309000
1.318000
1.814000
1.313000
1.586000
1.576000
1.823000
1.623000
1.312000
1.810000
1.787000
1.318000
1.746000
5.088000
1.031000
0.638000
1.366000
1.851000
1.313000
1.331000
1.331000
1.315000
1.335000
1.210000
1.560000
1.328000
1.632000
1.840000
1.809000
1.313000
1.345000
1.309000
1.293000
1.940000
1.354000
1.736000
1.871000
1.611000
1.597000
1.322000
1.308000
1.794000
1.643000
1.617000
1.583000
1.356000
1.205000
1.265000
1.407000
1.327000
0.646000
1.700000
1.906000
1.597000
1.825000
1.230000
1.596000
1.565000
1.293000
0.893000
1.077000
1.335000
1.067000
1.566000
1.991000
1.351000
1.599000
1.743000
1.605000
1.521000
1.273000
0.647000
1.312000
1.597000
1.324000
1.328000
0.706000
1.614000
1.322000
1.330000
2.937000
1.508000
1.739000
1.790000
0.908000
1.911000
1.785000
1.531000
1.610000
1.343000
1.329000
1.324000
3.653000
1.763000
1.782000
1.317000
1.282000
1.337000
1.758000
1.336000
1.600000
1.845000
1.351000
1.639000
1.630000
1.317000
1.653000
1.621000
1.616000
1.790000
1.325000
1.568000
1.327000
1.804000
1.128000
1.498000
1.747000
1.443000
1.675000
1.580000
1.764000
1.558000
1.294000
1.759000
1.354000
1.638000
1.591000
1.981000
1.481000
1.319000
1.836000
1.283000
1.612000
1.321000
3.479000
1.294000
1.956000
1.607000
1.819000
1.275000
1.277000
1.087000
1.570000
1.520000
1.604000
1.329000
1.330000
1.252000
1.323000
1.633000
1.737000
1.162000
1.614000
1.348000
1.318000
1.361000
1.327000
1.932000
1.842000
1.618000
1.539000
2.104000
1.610000
1.607000
1.529000
1.764000
1.828000
1.319000
0.894000
1.301000
1.632000
1.620000
1.390000
1.063000
1.328000
1.628000
1.331000
1.633000
0.944000
1.910000
1.551000
1.322000
1.734000
1.345000
1.510000
1.546000
1.552000
1.880000
1.310000
1.276000
1.343000
1.744000
1.622000
1.877000
1.722000
1.821000
1.555000
1.644000
1.333000
1.862000
1.348000
1.539000
0.665000
0.948000
1.937000
1.324000
1.693000
1.638000
1.627000
1.367000
1.282000
1.805000
1.349000
1.809000
1.529000
1.074000
1.876000
1.729000
1.357000
1.762000
1.321000
1.527000
1.332000
1.517000
1.716000
1.295000
1.354000
1.321000
1.761000
1.623000
1.338000
1.618000
1.295000
1.310000
2.001000
2.022000
1.732000
1.561000
1.737000
1.445000
1.317000
1.872000
1.343000
1.783000
1.556000
1.520000
1.941000
1.828000
1.315000
2.933000
1.793000
1.556000
1.716000
1.524000
1.576000
2.889000
1.731000
1.462000
3.452000
1.757000
1.332000
1.649000
1.772000
1.292000
1.609000
2.011000
1.622000
1.601000
1.559000
1.741000
1.818000
1.780000
1.757000
1.726000
1.326000
1.313000
1.544000
2.073000
2.896000
1.170000
1.786000
1.353000
1.318000
2.015000
1.669000
1.895000
1.599000
1.864000
1.604000
1.323000
1.461000
1.318000
1.804000
1.539000
0.938000
1.619000
1.800000
1.352000
1.701000
1.717000
1.250000
1.701000
1.578000
1.543000
1.803000
1.642000
1.245000
1.809000
1.754000
1.617000
1.581000
3.471000
1.314000
1.332000
1.705000
1.374000
1.335000
1.527000
1.722000
1.867000
1.582000
1.173000
1.551000
1.594000
3.667000
1.787000
1.513000
1.763000
1.593000
1.635000
1.663000
1.131000
1.318000
1.321000
1.342000
2.934000
1.331000
1.822000
1.403000
1.328000
1.768000
2.011000
1.359000
1.571000
1.359000
1.341000
0.890000
1.643000
1.035000
1.634000
1.322000
1.238000
1.236000
1.310000
1.610000
1.306000
1.311000
1.319000
1.294000
1.811000
1.769000
1.492000
1.318000
1.727000
1.783000
1.335000
1.609000
1.317000
1.728000
1.325000
0.982000
1.349000
1.834000
1.862000
1.564000
1.753000
1.830000
1.582000
1.333000
1.780000
0.940000
1.790000
1.349000
1.816000
1.828000
1.635000
1.343000
1.592000
0.837000
1.620000
1.342000
1.696000
1.613000
2.112000
1.781000
3.653000
2.915000
1.507000
1.759000
1.717000
1.565000
1.339000
0.932000
2.097000
1.806000
1.235000
1.344000
1.349000
1.570000
1.349000
1.754000
1.705000
1.231000
1.785000
1.341000
1.496000
1.804000
1.589000
2.005000
1.606000
1.321000
1.623000
1.379000
1.752000
1.562000
1.816000
1.328000
1.305000
1.597000
1.602000
1.728000
1.736000
1.802000
1.653000
1.794000
1.319000
1.626000
1.602000
1.290000
1.346000
2.931000
1.325000
1.832000
1.122000
1.591000
1.253000
1.609000
1.322000
1.626000
1.601000
0.468000
1.629000
1.772000
1.317000
1.354000
2.122000
1.510000
1.316000
1.625000
1.794000
1.316000
1.245000
2.316000
1.320000
1.687000
1.592000
1.355000
1.465000
1.608000
1.597000
1.632000
1.544000
1.830000
1.794000
1.756000
1.517000
1.618000
1.313000
1.917000
1.843000
1.517000
1.719000
1.603000
0.682000
1.889000
2.020000
1.694000
1.558000
1.340000
1.297000
1.038000
1.639000
1.623000
1.689000
1.340000
1.549000
1.583000
1.498000
1.886000
1.267000
1.911000
1.595000
2.338000
1.313000
1.550000
1.716000
0.918000
1.747000
1.281000
1.324000
1.793000
1.287000
1.846000
4.218000
1.657000
1.627000
1.320000
1.677000
1.342000
1.349000
1.094000
1.630000
1.332000
1.556000
1.588000
1.833000
1.618000
1.315000
1.213000
1.909000
1.614000
1.868000
1.658000
1.156000
1.311000
1.714000
1.805000
1.354000
1.612000
1.631000
1.350000
1.318000
1.321000
1.863000
1.806000
1.744000
1.249000
1.341000
1.618000
1.927000
1.549000
1.323000
1.346000
2.793000
1.865000
2.837000
1.545000
1.317000
1.819000
1.565000
0.828000
1.452000
1.302000
1.360000
1.585000
1.824000
1.656000
1.327000
1.342000
1.670000
1.369000
2.002000
1.625000
1.296000
1.331000
1.629000
1.458000
1.322000
1.331000
1.555000
1.344000
1.693000
1.450000
1.312000
1.624000
1.306000
1.674000
1.608000
1.310000
1.772000
1.329000
1.750000
2.656000
1.193000
0.916000
1.326000
1.380000
1.728000
1.721000
1.773000
1.821000
1.083000
1.330000
1.353000
1.561000
1.794000
1.123000
1.558000
1.336000
1.309000
2.118000
1.805000
1.326000
1.920000
1.659000
1.317000
1.235000
1.520000
1.607000
0.643000
1.347000
1.334000
1.309000
1.555000
1.629000
1.319000
1.590000
1.835000
1.541000
1.295000
1.674000
2.018000
1.638000
1.626000
1.899000
2.085000
2.118000
1.361000
1.602000
1.344000
1.710000
1.643000
1.559000
1.903000
1.392000
1.309000
1.302000
1.348000
1.311000
1.598000
1.310000
1.364000
1.579000
1.314000
1.575000
1.783000
1.860000
1.560000
1.828000
1.797000
2.933000
1.321000
1.569000
1.584000
1.722000
1.847000
1.520000
1.309000
1.313000
1.630000
1.330000
1.543000
1.759000
1.305000
1.335000
1.805000
3.665000
1.621000
1.516000
2.933000
1.237000
1.327000
1.232000
1.642000
1.054000
1.349000
1.318000
1.577000
1.309000
1.854000
1.556000
1.811000
4.745000
2.000000
1.835000
1.640000
11.935000
1.851000
1.912000
1.335000
1.329000
1.342000
1.752000
1.319000
1.336000
0.947000
1.740000
1.728000
1.253000
1.716000
1.579000
1.341000
1.256000
1.295000
1.620000
1.314000
1.302000
1.635000
1.866000
1.882000
1.574000
1.609000
1.802000
1.307000
1.373000
1.311000
1.313000
1.676000
1.206000
1.773000
1.339000
1.523000
1.454000
1.723000
1.363000
1.610000
1.554000
1.571000
1.797000
2.933000
1.582000
1.333000
1.633000
1.262000
1.188000
1.795000
1.618000
2.913000
1.324000
2.009000
1.815000
2.948000
1.809000
1.581000
1.349000
1.310000
1.546000
1.263000
1.208000
1.612000
1.748000
1.302000
1.600000
1.650000
1.378000
2.926000
1.342000
1.560000
1.316000
1.327000
2.003000
1.663000
1.453000
1.292000
1.358000
1.593000
1.859000
1.344000
1.283000
1.307000
1.827000
1.357000
1.691000
1.807000
1.332000
1.721000
1.314000
0.956000
2.078000
1.826000
1.784000
1.319000
1.718000
3.646000
1.321000
1.334000
1.534000
1.794000
1.537000
1.321000
2.001000
1.246000
1.331000
1.352000
1.792000
1.497000
1.750000
1.325000
1.684000
1.332000
1.371000
1.563000
1.309000
1.360000
1.591000
1.340000
1.333000
1.851000
1.321000
1.195000
1.578000
0.948000
1.558000
1.179000
1.357000
1.177000
1.895000
1.829000
2.903000
3.615000
1.588000
1.479000
1.907000
1.617000
1.120000
1.273000
1.112000
2.117000
1.215000
1.335000
1.288000
1.310000
1.353000
11.952000
1.808000
1.315000
1.705000
1.334000
1.323000
1.701000
1.356000
1.800000
1.531000
1.328000
1.578000
1.665000
1.294000
1.660000
1.329000
1.305000
1.857000
1.828000
1.593000
1.781000
1.330000
1.857000
1.888000
1.840000
1.347000
1.734000
1.588000
1.322000
1.248000
1.305000
1.603000
1.866000
1.308000
1.327000
1.747000
1.319000
1.577000
1.748000
0.671000
1.642000
1.340000
1.732000
1.350000
1.732000
1.562000
1.787000
1.328000
1.309000
1.740000
1.333000
1.739000
1.234000
1.323000
1.594000
0.927000
1.588000
1.635000
1.629000
1.248000
1.559000
1.321000
1.668000
1.597000
1.864000
1.970000
1.263000
1.338000
1.819000
1.485000
1.803000
1.815000
1.898000
1.721000
1.757000
1.342000
1.328000
1.985000
1.325000
1.773000
1.098000
1.861000
1.628000
1.599000
1.610000
1.858000
1.637000
11.507000
3.590000
1.746000
1.797000
1.567000
1.689000
1.584000
1.317000
1.687000
1.866000
1.654000
1.328000
1.336000
1.311000
1.748000
1.310000
1.339000
1.362000
1.317000
1.585000
1.330000
1.307000
1.758000
1.833000
1.318000
1.639000
0.925000
1.559000
1.534000
1.354000
1.313000
1.555000
1.632000
1.615000
1.612000
1.323000
1.867000
1.888000
1.881000
1.286000
1.709000
1.488000
1.342000
1.315000
1.630000
1.735000
1.991000
1.347000
1.640000
1.629000
1.773000
1.303000
1.596000
1.703000
1.715000
1.751000
1.304000
1.479000
1.111000
1.304000
1.641000
2.915000
1.243000
1.893000
1.359000
1.830000
1.793000
1.552000
1.704000
0.943000
1.300000
1.284000
1.780000
1.410000
1.582000
1.143000
1.720000
1.582000
1.595000
1.361000
1.597000
1.159000
1.327000
1.996000
1.607000
1.324000
1.879000
1.315000
1.482000
1.747000
1.638000
1.671000
1.286000
0.685000
1.344000
1.333000
1.304000
1.481000
1.527000
1.854000
1.542000
1.369000
1.125000
1.586000
1.525000
1.530000
1.444000
1.237000
11.513000
1.352000
1.843000
1.318000
1.419000
1.725000
1.866000
1.634000
1.859000
1.333000
1.696000
1.589000
1.560000
1.517000
1.804000
1.299000
1.595000
0.949000
1.657000
1.332000
1.301000
1.324000
2.330000
1.823000
1.596000
1.572000
1.869000
1.739000
1.360000
1.541000
1.605000
1.735000
1.710000
1.311000
1.018000
1.555000
1.920000
1.315000
1.571000
1.611000
1.331000
1.630000
1.008000
1.557000
1.862000
1.321000
1.315000
1.326000
1.320000
1.355000
1.858000
1.358000
1.338000
1.596000
1.798000
1.005000
1.483000
1.349000
1.337000
1.751000
1.316000
1.633000
1.559000
1.346000
1.710000
1.419000
1.824000
1.289000
0.943000
1.339000
1.759000
1.609000
1.874000
1.894000
1.319000
1.584000
1.790000
2.878000
1.562000
1.669000
1.299000
1.547000
1.554000
1.504000
1.647000
1.312000
1.135000
1.322000
1.497000
1.322000
1.893000
1.576000
1.566000
1.351000
1.557000
1.839000
1.322000
1.648000
1.350000
1.585000
1.290000
1.326000
1.350000
1.618000
1.257000
1.298000
1.343000
1.187000
1.297000
1.321000
3.633000
1.650000
1.735000
1.856000
1.498000
1.604000
1.316000
1.727000
0.995000
1.557000
1.785000
1.843000
2.907000
1.583000
1.328000
0.830000
1.828000
1.355000
1.306000
1.643000
1.650000
1.621000
1.575000
1.338000
1.635000
1.311000
1.659000
1.835000
1.759000
1.886000
1.798000
1.356000
1.320000
1.558000
1.342000
1.320000
1.625000
1.667000
1.730000
1.811000
1.554000
2.908000
1.340000
1.333000
3.351000
1.829000
1.524000
1.860000
1.506000
1.811000
1.530000
1.373000
1.320000
1.282000
1.706000
1.795000
1.356000
1.318000
1.843000
1.272000
1.242000
1.539000
1.814000
1.722000
1.343000
1.839000
1.625000
1.881000
1.804000
1.984000
1.772000
1.823000
0.888000
1.315000
1.246000
1.683000
1.792000
1.331000
1.798000
0.628000
1.802000
1.365000
1.318000
1.731000
1.291000
1.621000
1.556000
1.816000
1.325000
1.353000
1.356000
1.615000
1.259000
1.632000
1.623000
1.548000
11.931000
1.328000
2.352000
1.556000
1.587000
1.542000
1.324000
1.275000
1.305000
1.256000
1.307000
1.298000
1.534000
1.324000
2.938000
1.561000
1.380000
1.868000
1.760000
1.994000
1.557000
1.316000
1.023000
1.350000
1.286000
1.328000
1.881000
1.805000
1.831000
1.383000
1.279000
1.822000
1.354000
1.586000
1.798000
1.547000
1.346000
1.734000
1.327000
3.617000
1.532000
1.340000
1.318000
1.281000
1.311000
1.548000
1.595000
1.802000
1.584000
1.788000
1.737000
1.320000
1.803000
2.785000
1.316000
1.339000
1.298000
1.560000
1.563000
1.834000
1.326000
1.450000
1.094000
1.322000
1.633000
1.298000
1.306000
1.264000
3.996000
1.332000
1.499000
1.614000
1.797000
1.850000
1.626000
1.799000
1.558000
1.847000
1.269000
1.630000
1.332000
1.729000
1.566000
1.816000
1.813000
1.186000
1.364000
1.797000
1.556000
1.447000
1.305000
1.327000
1.698000
1.628000
1.529000
1.582000
1.321000
1.304000
11.489000
11.902000
1.279000
1.608000
1.805000
1.469000
1.341000
1.780000
1.766000
1.871000
1.307000
1.325000
1.556000
1.682000
1.119000
1.658000
1.321000
1.597000
1.639000
1.242000
1.592000
1.315000
1.320000
2.072000
1.313000
1.333000
1.794000
2.947000
1.323000
1.320000
1.804000
1.327000
1.326000
1.311000
1.478000
1.287000
0.821000
1.317000
1.713000
1.460000
1.618000
1.352000
1.331000
1.354000
1.760000
1.321000
1.322000
1.806000
3.398000
1.591000
1.547000
1.327000
1.565000
1.457000
1.615000
1.898000
1.620000
1.188000
1.319000
1.303000
1.597000
1.329000
1.572000
1.782000
1.850000
0.986000
1.688000
1.581000
1.349000
11.893000
1.761000
1.310000
1.378000
1.564000
1.193000
1.346000
1.249000
1.331000
1.720000
1.288000
1.418000
1.689000
1.320000
1.478000
1.032000
1.317000
1.549000
1.566000
1.999000
1.595000
1.329000
1.559000
1.585000
1.616000
1.739000
1.814000
1.464000
1.796000
1.320000
1.322000
1.774000
1.615000
1.583000
1.346000
2.926000
1.328000
1.883000
1.273000
1.353000
2.786000
1.555000
1.843000
1.598000
1.310000
1.340000
1.867000
1.890000
1.545000
1.629000
1.841000
1.627000
1.302000
1.519000
1.306000
1.614000
1.829000
1.026000
1.280000
1.625000
1.305000
1.722000
1.566000
1.477000
0.685000
1.782000
1.353000
1.318000
1.319000
2.061000
1.675000
1.584000
1.602000
1.566000
1.335000
1.074000
1.367000
2.930000
1.775000
1.625000
1.736000
1.445000
1.713000
1.318000
1.453000
1.587000
1.319000
5.071000
1.344000
1.328000
1.486000
1.614000
1.622000
1.326000
1.617000
1.575000
1.603000
0.862000
1.850000
1.584000
1.414000
1.603000
1.628000
3.638000
1.997000
1.358000
1.575000
1.712000
1.304000
1.316000
1.035000
2.350000
3.629000
1.317000
1.330000
1.327000
1.893000
1.659000
3.392000
1.329000
1.611000
1.645000
1.626000
1.615000
1.844000
1.923000
2.341000
1.817000
1.299000
2.681000
1.814000
1.487000
3.663000
1.334000
1.824000
1.335000
1.268000
1.315000
1.499000
1.867000
1.578000
1.154000
1.886000
2.113000
2.900000
1.852000
1.341000
1.404000
1.780000
1.674000
1.827000
1.612000
1.797000
1.878000
1.787000
1.334000
1.325000
1.314000
1.291000
1.883000
1.624000
1.150000
1.308000
1.525000
1.579000
1.619000
1.820000
1.308000
1.766000
1.319000
1.809000
1.833000
1.240000
1.625000
1.628000
1.846000
1.320000
1.317000
1.359000
1.640000
1.830000
1.331000
1.007000
1.345000
1.363000
1.827000
1.615000
1.676000
1.321000
1.640000
1.747000
1.622000
1.734000
1.719000
1.608000
1.774000
1.328000
1.572000
1.687000
1.912000
1.528000
0.939000
1.744000
1.330000
1.319000
1.646000
1.608000
1.339000
1.579000
0.886000
1.311000
1.712000
0.915000
1.592000
1.350000
1.319000
1.793000
1.339000
1.617000
1.769000
1.838000
1.326000
1.645000
1.332000
1.306000
1.729000
1.907000
1.818000
3.689000
1.126000
1.597000
1.815000
1.362000
1.650000
1.502000
1.337000
1.586000
1.786000
1.306000
1.342000
1.596000
1.724000
2.075000
1.351000
1.585000
1.569000
1.315000
2.083000
1.327000
0.957000
1.595000
2.697000
1.601000
1.558000
1.177000
1.488000
1.332000
1.656000
1.333000
1.323000
1.234000
1.327000
1.561000
1.598000
1.871000
1.602000
1.585000
1.339000
1.757000
1.323000
1.778000
1.623000
1.757000
1.278000
1.475000
1.623000
1.751000
1.567000
1.609000
1.690000
1.737000
1.307000
1.698000
1.341000
1.556000
1.321000
1.609000
0.613000
1.794000
1.788000
1.349000
1.887000
1.601000
1.397000
1.259000
1.335000
1.350000
1.783000
1.160000
0.945000
1.613000
1.820000
1.684000
1.802000
1.323000
1.333000
1.325000
1.333000
1.614000
1.362000
0.959000
1.603000
1.345000
1.546000
1.599000
1.353000
1.831000
1.784000
1.315000
1.225000
1.603000
1.741000
1.380000
1.626000
0.912000
1.333000
1.728000
1.732000
1.311000
1.316000
1.817000
1.350000
1.356000
1.659000
1.479000
1.612000
1.323000
3.488000
1.510000
1.300000
1.327000
1.834000
1.332000
1.809000
1.555000
1.590000
0.918000
1.487000
1.617000
1.101000
1.330000
1.331000
1.524000
1.361000
1.325000
1.330000
1.881000
1.334000
1.318000
1.557000
1.245000
0.957000
1.265000
1.315000
1.888000
1.625000
1.788000
1.329000
1.144000
1.609000
1.022000
1.316000
1.252000
1.535000
1.358000
1.602000
1.632000
3.756000
1.330000
1.516000
1.326000
1.606000
1.625000
1.666000
1.719000
1.307000
1.255000
1.301000
1.370000
1.842000
1.541000
1.317000
1.586000
1.598000
1.312000
1.361000
1.605000
1.299000
1.592000
1.359000
1.607000
1.639000
1.598000
1.312000
1.309000
1.266000
1.146000
1.678000
1.815000
0.623000
1.672000
1.431000
2.895000
1.801000
0.927000
1.557000
2.001000
0.966000
1.556000
1.558000
1.307000
1.556000
1.558000
1.742000
1.309000
1.737000
1.358000
1.344000
0.902000
1.599000
3.344000
1.385000
1.638000
1.357000
1.302000
1.753000
1.655000
1.841000
1.500000
1.883000
1.567000
1.811000
1.608000
1.873000
1.835000
1.302000
1.634000
1.251000
1.222000
1.662000
1.798000
1.655000
1.332000
1.772000
1.310000
1.340000
1.573000
1.637000
1.294000
1.659000
1.345000
1.320000
1.567000
1.610000
1.306000
1.282000
1.771000
1.121000
1.281000
1.801000
2.925000
1.319000
1.603000
1.535000
1.082000
1.327000
1.627000
1.680000
1.331000
11.936000
1.840000
1.109000
1.326000
1.570000
1.755000
1.890000
1.735000
1.619000
1.771000
1.274000
1.626000
1.337000
1.575000
1.440000
1.337000
1.322000
1.482000
1.620000
1.299000
1.308000
1.890000
1.585000
1.733000
1.202000
1.321000
1.332000
1.661000
1.234000
1.580000
1.593000
1.323000
1.317000
1.317000
1.560000
1.615000
1.940000
1.315000
1.343000
11.878000
1.327000
1.597000
1.310000
1.336000
1.725000
1.297000
1.325000
1.322000
1.347000
1.129000
1.469000
1.321000
1.566000
1.750000
1.674000
1.893000
1.300000
1.792000
1.612000
1.579000
1.315000
1.360000
1.334000
1.343000
1.331000
1.320000
1.242000
1.607000
1.381000
1.470000
1.594000
11.890000
1.329000
1.616000
1.640000
1.825000
1.325000
1.598000
0.940000
