0.623000
4.596000
5.103000
4.639000
4.959000
4.723000
4.906000
4.448000
0.680000
0.637000
0.979000
0.917000
0.656000
4.538000
4.531000
4.822000
4.498000
4.567000
0.637000
4.192000
0.917000
4.656000
0.805000
0.637000
1.686000
0.839000
0.621000
0.632000
0.910000
4.493000
0.633000
1.782000
4.768000
1.826000
0.627000
0.923000
4.673000
3.409000
1.673000
4.705000
5.179000
0.814000
1.543000
4.688000
5.066000
4.669000
0.634000
0.626000
0.624000
4.824000
0.641000
0.702000
4.408000
4.751000
4.333000
0.838000
0.638000
0.796000
4.562000
1.684000
4.415000
4.585000
5.518000
4.460000
0.631000
1.729000
0.661000
4.567000
5.577000
0.821000
0.993000
0.633000
0.816000
4.811000
4.594000
4.544000
0.886000
0.634000
0.638000
3.500000
0.661000
0.822000
4.405000
0.648000
0.950000
0.651000
0.919000
0.894000
0.636000
0.634000
0.627000
0.987000
4.548000
0.612000
1.057000
0.873000
4.634000
0.637000
4.413000
4.797000
0.828000
5.044000
4.631000
0.631000
4.669000
3.461000
0.637000
0.927000
0.910000
4.617000
0.671000
4.414000
0.852000
4.745000
6.009000
1.112000
6.047000
1.153000
6.027000
1.135000
6.055000
5.678000
1.303000
5.585000
1.085000
5.706000
5.656000
1.294000
6.058000
5.708000
1.147000
1.243000
1.140000
1.242000
1.283000
1.224000
6.039000
0.913000
1.665000
1.318000
1.326000
1.596000
1.337000
1.691000
1.578000
1.645000
1.521000
1.577000
1.704000
1.322000
1.235000
1.566000
1.321000
1.313000
1.333000
0.929000
1.592000
1.768000
1.613000
1.420000
1.326000
1.583000
1.325000
1.581000
1.321000
1.131000
1.741000
0.930000
1.634000
1.580000
1.584000
1.554000
1.731000
1.337000
1.298000
1.584000
1.593000
1.648000
1.304000
1.323000
1.570000
1.312000
1.339000
1.231000
1.377000
1.631000
1.328000
1.688000
1.746000
1.300000
1.356000
1.248000
1.299000
1.680000
1.323000
0.639000
1.625000
1.627000
1.596000
1.310000
0.644000
1.595000
1.307000
1.344000
0.644000
1.313000
1.775000
1.338000
1.302000
1.328000
1.717000
1.707000
1.338000
1.615000
1.296000
1.598000
1.565000
1.598000
1.580000
1.347000
1.228000
1.327000
0.925000
1.603000
1.316000
0.925000
1.367000
1.583000
1.075000
1.589000
1.161000
1.677000
1.688000
1.283000
1.706000
1.332000
1.512000
1.572000
1.580000
1.579000
1.359000
1.485000
1.592000
1.586000
0.937000
1.800000
1.596000
1.306000
1.322000
1.314000
1.573000
1.253000
1.592000
1.159000
1.340000
1.722000
1.795000
1.610000
1.507000
1.410000
1.698000
1.567000
1.330000
1.579000
1.326000
1.737000
1.332000
1.303000
1.594000
1.650000
1.320000
1.407000
1.666000
1.691000
1.565000
1.603000
1.584000
1.576000
1.499000
1.109000
1.360000
1.036000
1.581000
1.674000
1.660000
1.309000
1.671000
1.245000
1.594000
2.094000
1.441000
1.583000
1.376000
1.325000
1.719000
1.615000
1.672000
1.496000
1.294000
1.723000
1.128000
1.575000
1.344000
1.869000
1.652000
1.358000
0.890000
1.350000
1.678000
1.329000
1.320000
1.693000
1.632000
0.928000
1.491000
1.316000
1.339000
1.590000
1.648000
1.359000
1.564000
1.690000
1.327000
1.318000
1.624000
1.318000
1.844000
1.341000
1.337000
1.312000
1.316000
1.609000
1.427000
0.680000
1.513000
1.681000
1.322000
1.305000
1.715000
1.463000
1.325000
1.330000
1.290000
1.325000
1.247000
1.330000
1.322000
1.342000
1.317000
1.560000
1.580000
1.696000
1.308000
1.583000
1.611000
1.663000
1.662000
1.573000
1.246000
1.284000
1.320000
1.355000
1.618000
1.594000
1.590000
1.250000
1.290000
1.682000
1.459000
1.324000
1.324000
1.629000
1.513000
1.523000
1.572000
1.248000
1.583000
1.580000
1.334000
1.577000
1.347000
1.620000
1.708000
1.481000
1.180000
1.159000
1.324000
1.310000
1.628000
1.354000
2.121000
1.309000
1.322000
1.574000
1.571000
1.586000
1.700000
1.594000
1.557000
1.332000
1.707000
1.589000
1.595000
1.322000
1.497000
1.713000
1.695000
1.566000
1.587000
1.321000
1.717000
1.298000
1.727000
1.126000
0.942000
1.529000
1.591000
1.082000
1.330000
1.589000
0.962000
1.592000
1.569000
0.862000
1.576000
1.580000
0.943000
1.608000
1.550000
1.319000
1.585000
1.314000
1.710000
1.518000
1.351000
1.597000
1.588000
1.317000
1.839000
1.586000
1.306000
1.319000
1.240000
1.681000
1.710000
1.033000
1.806000
1.676000
1.599000
1.327000
1.689000
1.309000
1.262000
1.558000
1.773000
1.335000
1.625000
1.359000
1.704000
0.995000
1.297000
1.303000
1.587000
1.650000
1.581000
1.333000
1.691000
1.585000
1.631000
1.659000
1.339000
1.249000
1.319000
1.681000
1.323000
1.706000
1.604000
1.583000
1.588000
1.354000
1.818000
1.346000
1.844000
1.299000
1.727000
1.594000
1.265000
1.676000
1.321000
0.890000
1.322000
1.594000
1.314000
1.576000
1.283000
1.307000
1.316000
1.675000
0.640000
1.344000
1.582000
1.579000
1.284000
1.606000
1.608000
1.587000
0.934000
1.572000
1.343000
1.347000
1.563000
1.327000
1.715000
1.591000
1.585000
1.318000
1.791000
1.321000
1.338000
1.139000
1.654000
1.317000
1.330000
1.339000
0.928000
1.325000
1.559000
1.582000
1.385000
1.042000
1.673000
1.611000
1.506000
1.577000
1.591000
1.745000
1.068000
1.308000
1.314000
1.323000
1.341000
