4.950000
4.836000
4.781000
0.899000
4.783000
4.783000
4.690000
0.887000
4.717000
1.300000
5.230000
4.671000
4.646000
0.952000
5.000000
5.233000
4.666000
4.782000
5.756000
4.700000
4.761000
5.886000
5.266000
0.663000
0.922000
4.832000
4.794000
4.773000
4.699000
4.829000
4.760000
5.480000
4.830000
4.685000
4.765000
1.300000
1.300000
4.821000
0.911000
4.719000
5.079000
1.097000
4.868000
4.760000
4.783000
1.174000
4.714000
0.894000
1.300000
4.688000
0.892000
5.048000
4.762000
4.688000
4.838000
4.686000
5.754000
4.828000
4.762000
5.199000
4.685000
4.748000
4.813000
4.780000
5.816000
1.300000
0.920000
0.911000
0.915000
4.814000
4.876000
4.668000
4.800000
5.629000
4.907000
1.161000
5.559000
4.660000
4.672000
1.300000
5.088000
5.773000
4.796000
0.911000
4.831000
4.800000
0.908000
1.300000
5.216000
1.148000
0.911000
4.794000
5.724000
4.768000
4.825000
4.686000
1.300000
4.765000
0.923000
4.802000
5.325000
5.326000
0.914000
4.818000
1.063000
0.961000
0.970000
5.099000
4.676000
5.717000
1.300000
0.886000
0.889000
0.911000
4.747000
0.891000
1.300000
0.910000
0.933000
0.903000
1.300000
0.946000
4.674000
5.175000
4.688000
4.807000
4.686000
1.300000
1.058000
4.700000
4.948000
1.300000
1.096000
4.809000
4.784000
4.678000
4.781000
0.889000
0.891000
4.787000
0.664000
4.692000
0.905000
4.687000
4.664000
5.741000
0.920000
0.915000
5.843000
4.831000
5.883000
4.715000
0.940000
4.692000
4.711000
4.698000
4.861000
1.300000
0.882000
4.875000
0.887000
4.684000
4.789000
4.699000
4.652000
4.691000
5.462000
4.810000
0.915000
0.931000
4.692000
4.773000
5.193000
5.165000
0.920000
5.097000
4.708000
4.814000
4.777000
5.630000
4.843000
4.750000
0.920000
5.724000
4.920000
4.810000
0.912000
4.794000
4.756000
5.804000
4.864000
4.807000
4.751000
0.909000
0.920000
4.747000
5.688000
0.908000
5.365000
4.861000
1.300000
5.820000
4.826000
4.701000
4.675000
4.788000
5.574000
0.916000
5.782000
0.917000
1.097000
4.710000
0.943000
4.748000
4.648000
5.181000
5.456000
5.153000
4.839000
4.826000
1.300000
1.300000
0.890000
0.902000
4.786000
6.024000
1.300000
0.886000
1.058000
1.300000
4.798000
4.704000
4.794000
4.660000
4.753000
0.880000
1.300000
4.688000
4.763000
4.713000
4.719000
4.655000
4.651000
5.022000
4.797000
4.778000
4.701000
0.924000
5.427000
4.719000
5.622000
4.823000
4.949000
0.931000
4.857000
0.913000
4.802000
0.880000
0.911000
0.999000
5.194000
4.678000
0.899000
4.822000
4.797000
4.980000
1.046000
1.300000
4.673000
1.089000
5.262000
4.779000
0.914000
4.785000
1.026000
4.745000
5.112000
5.183000
0.658000
1.300000
4.754000
0.911000
4.815000
4.846000
5.171000
1.104000
0.913000
1.051000
0.923000
4.645000
4.777000
4.685000
4.656000
4.769000
4.764000
1.300000
5.578000
4.660000
1.300000
4.938000
1.300000
0.920000
1.104000
4.816000
0.903000
4.696000
0.885000
1.300000
5.015000
4.672000
4.818000
0.905000
1.023000
1.300000
0.916000
4.922000
4.806000
0.654000
0.913000
4.947000
5.157000
4.665000
4.700000
0.994000
0.961000
1.300000
0.905000
1.300000
4.688000
0.930000
4.695000
0.916000
5.047000
4.666000
1.300000
1.023000
4.838000
4.758000
5.104000
4.829000
4.947000
0.884000
5.529000
5.059000
4.779000
4.962000
4.737000
4.758000
1.300000
5.232000
4.713000
1.300000
5.916000
0.976000
5.899000
5.292000
4.851000
4.648000
4.772000
4.670000
4.704000
4.813000
4.673000
0.649000
4.776000
4.888000
4.779000
4.742000
1.300000
4.919000
4.889000
4.757000
1.300000
0.919000
0.911000
4.861000
4.693000
4.783000
4.802000
1.488000
4.811000
4.671000
4.844000
0.918000
4.687000
1.300000
0.916000
4.672000
4.836000
4.717000
5.284000
4.779000
4.802000
4.714000
4.761000
0.920000
5.016000
0.905000
4.779000
4.820000
5.752000
0.913000
4.748000
0.951000
4.758000
0.891000
4.682000
4.805000
0.911000
5.309000
4.703000
4.687000
4.853000
0.970000
4.747000
0.920000
0.993000
4.777000
0.916000
0.939000
0.887000
0.924000
0.908000
4.792000
4.668000
5.210000
5.509000
4.709000
0.913000
4.755000
4.825000
0.935000
4.885000
0.953000
4.698000
0.936000
0.900000
5.938000
4.814000
5.870000
4.669000
4.685000
4.669000
4.688000
4.859000
0.968000
4.836000
4.813000
4.882000
4.676000
0.939000
0.888000
4.795000
0.910000
4.692000
4.704000
4.707000
0.923000
4.723000
4.822000
1.018000
0.911000
0.954000
4.821000
5.573000
0.903000
0.924000
4.820000
1.300000
4.655000
4.978000
4.816000
1.300000
4.780000
4.685000
0.898000
4.996000
4.771000
4.687000
6.247000
5.035000
0.936000
0.917000
4.701000
4.992000
4.824000
0.923000
0.939000
5.254000
5.003000
5.056000
4.897000
4.821000
4.773000
0.900000
4.712000
4.764000
4.662000
4.706000
5.541000
4.812000
0.911000
0.925000
4.793000
0.961000
4.778000
4.841000
4.670000
0.883000
0.936000
0.903000
0.921000
4.689000
4.705000
0.886000
4.715000
0.903000
1.300000
4.827000
4.869000
4.928000
5.758000
0.900000
0.896000
4.813000
0.926000
4.689000
4.701000
1.094000
4.799000
4.759000
4.925000
0.923000
4.888000
5.146000
4.770000
0.942000
4.757000
4.839000
4.679000
4.813000
4.828000
4.664000
4.692000
0.929000
5.545000
4.808000
4.677000
4.813000
1.300000
5.079000
0.917000
0.893000
4.682000
0.943000
1.180000
4.787000
0.997000
4.732000
1.216000
5.726000
4.769000
1.300000
1.300000
4.818000
0.905000
4.826000
4.750000
4.817000
1.300000
4.753000
4.800000
0.894000
1.173000
1.143000
6.037000
5.783000
5.716000
5.818000
5.902000
6.059000
5.968000
5.619000
7.300000
7.318000
1.300000
5.691000
6.045000
6.050000
6.058000
5.765000
6.061000
6.062000
1.207000
0.983000
1.159000
5.599000
6.047000
1.035000
6.065000
6.040000
1.145000
7.312000
6.056000
6.043000
1.163000
5.706000
5.920000
1.158000
5.687000
1.157000
0.963000
6.035000
6.037000
1.155000
7.356000
5.757000
5.924000
5.958000
5.491000
6.037000
6.059000
6.035000
6.047000
1.156000
5.423000
6.028000
6.004000
1.152000
5.757000
5.749000
5.674000
6.058000
1.075000
6.063000
6.047000
6.048000
5.877000
6.063000
6.060000
5.579000
5.778000
1.300000
6.050000
1.136000
5.729000
6.059000
1.020000
6.025000
5.693000
6.075000
6.058000
6.060000
5.677000
5.859000
6.064000
1.300000
6.052000
6.023000
6.033000
5.555000
6.069000
5.814000
6.040000
5.464000
1.036000
6.047000
7.328000
5.663000
6.056000
6.062000
5.451000
5.892000
7.292000
6.058000
1.166000
6.308000
1.300000
6.050000
6.048000
1.155000
6.046000
5.639000
5.629000
7.323000
5.763000
5.816000
6.072000
5.815000
5.760000
6.038000
1.164000
1.160000
5.812000
6.045000
5.806000
6.065000
0.933000
7.321000
6.036000
5.914000
1.141000
5.809000
5.863000
7.317000
6.046000
5.641000
5.794000
5.404000
1.039000
1.144000
1.300000
5.757000
5.881000
6.057000
6.072000
6.057000
5.729000
5.471000
1.157000
1.142000
5.904000
1.109000
6.036000
6.017000
5.878000
5.727000
1.087000
1.185000
1.134000
6.066000
1.184000
6.044000
1.300000
6.053000
6.045000
6.030000
6.055000
1.042000
5.816000
5.691000
5.703000
1.152000
6.063000
5.437000
5.887000
1.150000
6.050000
1.153000
5.948000
6.035000
5.656000
5.846000
6.033000
6.048000
6.049000
1.170000
6.064000
5.962000
6.061000
5.698000
5.931000
5.957000
1.172000
1.139000
1.179000
6.033000
5.184000
1.151000
1.014000
6.057000
1.230000
6.044000
1.154000
6.834000
5.722000
1.148000
6.036000
6.047000
5.854000
1.096000
0.959000
5.586000
1.166000
6.515000
1.158000
6.053000
5.891000
5.598000
5.756000
5.467000
6.058000
6.062000
1.160000
5.498000
5.788000
5.555000
1.149000
6.063000
6.049000
5.800000
6.035000
6.064000
6.055000
1.182000
1.212000
1.059000
1.241000
1.151000
7.374000
5.747000
1.145000
6.089000
6.055000
1.166000
5.780000
7.329000
6.073000
5.978000
7.343000
7.318000
5.733000
6.027000
5.616000
5.867000
5.726000
7.306000
6.042000
6.055000
6.060000
6.041000
5.818000
7.310000
6.072000
5.801000
5.843000
5.716000
6.024000
5.945000
6.055000
6.044000
1.034000
1.163000
5.982000
5.838000
7.331000
5.659000
5.448000
7.303000
7.337000
5.649000
5.817000
6.051000
6.050000
5.839000
6.070000
5.613000
6.072000
6.068000
1.000000
1.157000
6.038000
6.037000
6.037000
6.074000
5.750000
5.768000
1.300000
6.048000
6.032000
6.050000
1.161000
1.300000
5.882000
7.218000
1.199000
1.202000
6.041000
7.071000
7.296000
6.053000
1.019000
6.086000
5.494000
1.148000
6.085000
6.037000
1.156000
6.065000
6.064000
1.150000
1.051000
1.182000
6.067000
1.161000
7.347000
7.799000
1.301000
7.770000
7.684000
7.795000
1.306000
1.478000
7.125000
7.720000
7.509000
7.716000
6.762000
7.869000
7.466000
7.208000
0.921000
1.510000
11.929000
1.371000
1.618000
11.932000
1.185000
1.238000
1.365000
11.927000
11.862000
11.864000
0.912000
1.355000
1.354000
1.517000
1.287000
1.518000
1.177000
1.298000
0.955000
1.278000
1.231000
1.359000
1.375000
1.072000
1.109000
1.371000
1.481000
1.368000
1.371000
1.239000
1.287000
1.090000
1.360000
11.875000
1.517000
1.372000
1.282000
1.402000
1.191000
1.356000
1.375000
1.350000
1.368000
1.364000
1.232000
1.130000
1.287000
0.954000
1.314000
1.392000
1.382000
1.393000
0.914000
1.206000
1.372000
1.138000
1.221000
1.110000
1.293000
1.340000
1.599000
1.300000
1.392000
1.507000
1.286000
1.199000
0.942000
1.345000
1.375000
1.290000
1.356000
1.144000
1.356000
1.015000
11.929000
1.067000
1.244000
1.435000
1.361000
1.347000
1.505000
0.946000
1.233000
1.592000
1.277000
1.255000
1.112000
1.049000
1.353000
1.506000
1.181000
1.375000
0.919000
1.268000
11.928000
1.295000
0.940000
11.886000
0.908000
1.145000
1.294000
1.305000
1.155000
1.029000
1.380000
1.292000
0.906000
1.301000
1.070000
1.306000
1.353000
1.305000
0.977000
0.947000
1.449000
1.302000
1.310000
1.141000
1.311000
1.613000
1.452000
1.313000
1.292000
1.312000
1.510000
1.559000
1.307000
1.033000
0.955000
1.269000
1.051000
1.298000
1.511000
1.364000
5.948000
1.288000
1.363000
1.226000
11.887000
1.300000
1.311000
1.171000
1.496000
1.300000
1.361000
1.300000
6.045000
1.621000
1.187000
1.462000
11.937000
1.575000
1.441000
1.512000
1.317000
1.385000
1.616000
1.297000
1.508000
0.949000
1.247000
1.523000
1.363000
1.369000
1.310000
1.511000
0.951000
1.298000
1.506000
1.370000
1.300000
1.361000
1.294000
1.123000
1.512000
1.280000
0.930000
1.303000
11.935000
0.941000
1.644000
1.385000
1.045000
1.262000
1.289000
1.374000
1.352000
1.507000
1.538000
1.350000
1.296000
1.370000
1.308000
1.055000
0.943000
0.934000
5.269000
1.537000
1.251000
0.915000
1.381000
1.300000
0.919000
11.956000
1.520000
1.115000
1.317000
1.529000
1.143000
1.300000
1.285000
1.363000
1.062000
1.557000
1.392000
1.359000
1.492000
1.300000
1.297000
1.316000
1.296000
1.284000
1.299000
1.282000
1.194000
1.515000
1.359000
1.341000
1.381000
0.915000
1.519000
1.379000
1.317000
1.477000
1.522000
1.319000
1.608000
1.352000
1.353000
0.923000
0.973000
1.154000
1.379000
0.946000
1.295000
1.559000
1.554000
0.949000
1.366000
1.522000
1.506000
1.009000
1.506000
1.000000
1.534000
1.487000
1.526000
1.461000
1.104000
1.233000
0.940000
1.524000
1.303000
7.370000
0.946000
0.986000
1.357000
1.609000
1.287000
1.532000
1.151000
1.371000
1.540000
1.163000
6.067000
0.993000
1.512000
1.363000
0.920000
1.369000
1.178000
0.923000
0.935000
1.483000
1.374000
1.292000
1.361000
1.312000
1.111000
1.305000
1.383000
1.366000
1.305000
1.302000
1.479000
1.480000
1.138000
1.297000
1.360000
0.934000
0.906000
1.315000
1.113000
1.368000
1.046000
1.293000
1.498000
1.509000
1.367000
1.519000
5.183000
1.490000
1.507000
1.378000
1.369000
1.503000
1.226000
1.243000
1.161000
1.382000
1.111000
1.515000
1.229000
1.286000
1.314000
1.522000
1.117000
11.924000
1.274000
1.519000
1.599000
1.392000
1.496000
1.156000
1.047000
1.614000
1.370000
1.285000
1.594000
1.240000
1.044000
1.300000
1.526000
1.387000
1.395000
1.265000
1.504000
1.293000
1.522000
1.386000
1.290000
1.372000
1.318000
1.306000
1.198000
1.181000
1.445000
1.094000
1.230000
1.281000
1.229000
11.887000
1.339000
1.498000
1.241000
1.103000
1.185000
1.019000
1.377000
1.313000
1.147000
1.282000
0.938000
1.303000
1.534000
0.943000
1.304000
1.377000
1.419000
1.238000
0.914000
1.297000
1.370000
0.944000
1.059000
1.292000
1.229000
1.336000
1.263000
1.521000
1.615000
0.939000
1.354000
1.146000
0.954000
1.658000
1.312000
1.214000
1.367000
1.231000
1.124000
1.457000
1.176000
1.127000
1.299000
1.091000
1.295000
0.937000
1.007000
1.599000
1.363000
1.517000
1.251000
1.468000
1.344000
1.396000
1.295000
1.115000
1.300000
1.291000
0.931000
1.364000
1.303000
1.360000
1.469000
1.304000
1.369000
1.380000
1.171000
1.095000
1.286000
1.101000
1.385000
1.079000
1.532000
1.592000
1.293000
1.281000
1.093000
1.538000
1.127000
1.364000
1.285000
1.256000
1.541000
1.286000
1.639000
1.264000
1.351000
1.366000
1.543000
1.092000
1.509000
0.934000
0.933000
1.520000
1.161000
1.307000
1.367000
11.900000
1.150000
1.375000
11.948000
1.289000
1.377000
5.458000
11.880000
1.522000
1.120000
1.231000
1.166000
1.381000
1.204000
1.310000
1.505000
11.521000
1.088000
1.381000
0.910000
1.125000
1.129000
0.953000
1.359000
1.149000
1.451000
1.495000
1.377000
1.573000
1.204000
1.389000
1.293000
1.183000
1.103000
1.220000
1.344000
1.297000
1.159000
1.367000
1.377000
11.891000
1.383000
1.195000
1.308000
11.945000
1.005000
1.239000
1.308000
1.077000
1.300000
0.941000
1.200000
1.241000
1.119000
1.393000
1.110000
1.300000
1.292000
1.062000
1.231000
1.558000
1.419000
1.298000
5.679000
1.123000
4.671000
1.390000
1.351000
1.134000
1.590000
1.285000
1.311000
1.081000
0.931000
0.927000
1.238000
1.305000
1.355000
1.217000
1.522000
0.944000
1.272000
1.382000
1.305000
1.027000
1.256000
1.172000
1.259000
1.539000
1.488000
1.122000
0.952000
1.517000
0.953000
0.941000
1.015000
1.377000
1.086000
1.616000
1.282000
1.317000
1.124000
1.372000
1.311000
1.298000
1.314000
5.726000
0.937000
1.375000
11.948000
1.351000
11.514000
1.365000
11.925000
0.990000
1.387000
1.260000
1.227000
1.308000
11.935000
1.101000
1.304000
1.305000
1.086000
1.507000
1.306000
1.295000
1.365000
1.281000
1.298000
1.086000
1.252000
1.325000
1.350000
1.364000
6.034000
1.296000
1.524000
1.565000
1.193000
11.879000
1.599000
1.222000
1.371000
1.136000
1.489000
1.115000
1.441000
1.222000
1.491000
1.553000
1.452000
1.397000
1.195000
7.320000
11.930000
0.913000
1.139000
1.276000
1.376000
1.451000
1.231000
1.108000
1.458000
1.368000
1.394000
1.101000
1.358000
