16.88
6.04
6.75
9.84
5.15
7.63
5.3
19.2
19.7
13.04
6.95
10.94
7.7
12.7
5.44
15.96
7.05
11.61
17.81
16.8
5.25
17.08
8.84
9.6
7.
10.57
15.99
9.14
13.8
11.19
13.72
15.48
6.09
16.3
13.59
12.64
10.95
10.06
14.67
7.07
4.81
13.3
16.16
17.75
3.85
18.09
5.97
12.11
8.77
11.17
8.22
7.97
16.53
16.48
21.77
10.79
7.84
24.36
16.82
10.42
6.15
15.78
11.11
12.58
10.44
18.95
16.2
12.77
14.47
9.42
8.79
19.35
15.
16.18
9.1
11.02
16.6
15.19
13.17
8.72
21.39
9.82
10.25
12.19
7.86
17.58
7.47
18.08
6.36
13.65
4.71
10.91
25.04
17.61