3.43
8.66
8.96
9.74
10.17
17.13
8.53
10.03
5.26
3.98
6.45
9.8
7.74
5.4
8.47
8.93
9.89
5.07
4.79
9.42
5.21
9.44
7.35
6.01
6.72
15.36
13.46
26.26
5.12
5.44
3.63
7.63
5.96
10.3
9.16
8.46
7.64
5.13
8.2
4.37
3.42
5.04
15.1
6.51
12.56
12.69
8.78
6.82
4.73
7.33
4.83
4.16
10.8
4.19
7.45
7.35
12.22
10.9
7.71
6.75
10.24
14.05
6.7
6.03
7.32
13.48
11.9
4.52
8.8
8.34
13.15
9.92
3.21
8.49
7.81
7.75
11.2
15.38
5.48
11.99
6.18
6.07
3.59
7.38
8.48
8.83
3.22
6.61
13.56
5.76
7.3
8.94
8.4
4.16
10.84
8.25
4.78
8.43
4.89
5.75
11.21
5.97
3.57
6.96
5.55
4.14
10.16
7.16
11.53
6.63
5.48
12.81
12.3
10.06
3.58
13.78
14.18
11.38
11.66
15.43
12.64
12.42
10.77
5.69
7.34
12.19
15.97
3.55
6.51
10.98
6.71
16.55
3.7
13.17
9.7
6.34
16.63
4.33
4.12
5.08
11.64
7.71
5.45
8.57
8.74
5.97
11.26
8.08
5.87
8.18
10.65
13.17
6.97
14.49
5.33
4.43
4.64
13.23
8.21
8.04
3.46
10.21
11.45
3.73
12.73
9.36
7.57
13.33
4.19
7.33
6.39
8.47
5.16
6.13
11.06
14.77
7.74
4.54
11.7
15.82
5.44
7.62
6.57
5.77
13.57
23.5
12.75
11.49
7.47
10.59
11.09
9.89
11.74
14.86
4.64
9.87
10.83
7.04
8.6
8.66
17.53
7.09
7.62
5.46
13.29
13.31
14.97