3.39
7.32
7.51
7.9
11.67
11.82
4.16
5.88
6.73
7.07
5.22
4.86
8.19
9.42
4.81
8.18
3.91
3.24
11.78
3.73
10.45
5.4
11.3
8.3
12.69
4.93
6.58
4.42
6.65
10.96
5.07
4.41
4.74
12.61
3.61
4.05
7.21
6.97
10.21
5.03
3.1
4.29
9.57
4.43
3.5
5.87
4.97
3.61
10.81
5.
3.5
4.45
4.56
4.62
6.36
5.75
5.12
8.8
10.53
11.21
5.76
5.09
5.15
8.72
5.72
5.36
3.44
13.04
7.03
4.88
6.39
4.58
8.93
3.1
6.15
5.76
8.57
7.62
5.17
5.2
3.38
6.29
5.77
3.88
7.17
6.41
9.85
7.92
5.36
3.21
4.25
3.73
4.25
4.78
5.37
3.9
7.34
7.18
6.86
8.6
10.59
4.01
9.21
6.97
18.86
8.11
4.16
4.39
4.67
4.93
8.81
6.38
5.09
4.97
4.25
7.66
5.47
4.84
3.26
9.06
7.79
7.15
5.98
4.16
6.28
3.69
6.79
8.37
14.93
7.8
8.06
7.86
12.52
6.23
4.99
7.8
6.76
6.57
10.17
5.78
4.34
4.55
6.14
6.89
5.72
3.64
9.43
7.47
8.37
15.77
8.78
6.84
9.78
3.33
4.03
8.13
3.46
3.04
7.35
8.37
8.45
5.71
3.65
5.02
3.92
10.61
7.22
15.71
9.16
3.55
4.86
8.04
3.4
4.81
3.71
7.1
5.8
5.21
5.42
4.42
3.95
12.72
5.97
8.12
6.17
4.26
7.42
7.36
4.03
5.29
11.14
10.95
6.96
14.59
7.8
5.7
6.29
6.46
7.
4.51
3.34
9.88
11.66
7.8
6.87
8.12
5.14
4.43
6.75
7.94
7.77
6.4
6.91
5.91
8.25
7.05
7.79
5.26
5.89
6.08
7.55
5.81
5.45
4.92
6.36
9.36
3.86
6.74
5.46
8.22
9.05
4.7
6.14
6.8
9.31
5.82
4.12
3.5
4.1
5.95
5.04
15.41
8.72
5.05
8.41
7.74
9.05
9.5
8.63
11.32
3.78
7.25
6.38
8.64
3.81
6.05
6.76
27.96
4.97
3.37
4.31
4.99
4.07
10.54
8.35
9.95
5.02
7.21
5.07
12.73
4.06
9.25
3.48
9.74
10.33
5.27
7.33
3.78
10.68
5.15
4.78
6.63
4.
5.08
6.71
4.43
4.
5.33
19.2
8.24
4.73
11.37
8.18
3.37
4.67
7.43
8.7
6.24
6.58
6.29
4.18
4.23
8.27
11.27
3.61
4.93
3.48
6.84
4.13
4.34
9.38
4.83
5.96
4.21
7.06
12.44
6.55
6.67
5.66
9.9
4.81
5.6
7.98
11.64
6.55
3.42
7.02
8.86
4.39
10.54
4.43
14.02
6.04
4.4
3.38
10.41
7.86
4.06
4.
7.94
5.21
5.85
6.98
4.07
7.28
8.48
4.98
3.67
5.
4.58
7.07
4.51
6.37
4.57
7.23
9.2
5.44
4.5
3.93
15.4
8.37
5.35
4.06
4.37
5.2
3.88
3.91
11.99
7.81
3.37
5.26
7.86
6.39
7.67
6.44
7.69
3.46
3.03
5.57
8.27
5.13
3.41
7.95
9.02
10.78
4.78
7.43
8.87
13.03
6.79
4.52
7.93
3.35
4.53
3.41
8.68
4.29
7.65
11.82
3.35
3.37
9.69
9.56
5.74
8.29
9.58
9.4
3.17
10.98
8.03
3.9
6.11
3.32
4.57
3.88
3.87
15.75
9.06
3.62
6.51
6.83
19.53