3.63
6.23
3.25
3.47
3.22
5.84
5.83
4.06
4.2
3.14
4.53
5.54
7.72
3.05
4.5
6.9
5.38
5.91
10.73
9.67
7.88
4.25
5.34
6.84
14.62
4.57
3.61
3.13
4.81
4.55
4.33
4.65
10.9
4.06
4.27
4.62
15.51
3.27
3.17
4.58
4.55
3.66
4.7
7.8
3.01
8.09
3.71
4.5
5.14
4.5
3.47
4.35
3.32
9.13
3.97
3.11
7.54
5.94
3.12
6.99
4.46
10.37
4.63
6.72
6.12
4.08
3.69
3.23
7.27
8.25
5.45
6.14
4.8
6.71
5.56
9.31
5.61
3.64
7.95
7.59
4.36
43.94
3.24
3.17
5.03
4.49
3.41
4.54
8.06
6.9
5.32
5.1
5.84
5.28
4.6
10.15
6.3
7.03
9.72
3.2
7.11
4.63
4.41
4.53
7.96
5.63
10.47
8.06
5.77
5.58
3.01
7.15
8.72
3.88
6.86
6.7
9.9
4.2
12.6
6.26
4.73
3.42
8.15
3.32
4.84
6.5
10.71
7.25
7.21
3.87
5.54
8.55
4.72
7.96
4.86
4.78
6.46
3.57
5.06
7.5
8.2
3.72
7.99
4.2
8.12
4.15
3.92
6.15
6.14
3.57
3.66
4.67
6.78
6.43
3.54
4.41
6.8
4.99
3.54
4.45
5.6
3.13
4.13
5.04
6.39
4.86
4.55
3.56
14.07
3.58
5.45
4.09
5.1
3.75
7.52
11.63
5.16
3.06
3.85
4.37
5.12
7.83
3.77
8.
8.31
9.37
3.64
4.32
7.55
3.58
3.31
8.09
8.39
5.88
3.51
3.65
5.2
3.56
4.35
3.67
3.6
5.58
3.92
4.29
6.88
6.61
4.72
5.25
4.7
3.77
7.47
7.96
5.88
4.68
7.24
5.52
8.61
4.46
4.57
8.88
5.58
3.34
9.01
5.25
3.74
4.06
3.06
10.46
3.28
8.29
7.26
3.83
5.36
3.2
5.27
7.94
5.07
7.03
4.09
6.16
7.69
8.94
4.11
4.54
3.5
9.38
3.48
9.55
5.51
10.14
8.66
5.
3.89
4.29
4.65
4.9
6.64
7.4
3.82
8.84
4.23
3.72
6.16
5.56
3.69
4.82
4.29
7.7
5.01
4.15
4.09
6.67
5.76
15.37
3.61
5.78
3.4
10.52
5.85
10.76
14.68
3.62
7.27
5.32
5.61
6.62
4.51
8.73
3.88
9.26
6.18
4.54
3.88
6.81
5.9
6.38
4.18
5.9
4.67
5.09
6.13
3.54
3.7
6.23
7.24
4.8
5.21
3.86
4.98
11.91
5.19
3.48
10.98
5.08
8.78
12.81
7.48
5.81
6.55
7.75
4.16
7.81
8.56
5.1
6.11
5.87
7.07
7.5
4.49
3.71
5.44
4.38
4.15
5.32
4.34
3.8
6.73
8.45
4.12
3.13
4.55
5.06
10.15
15.78
9.16
4.43
4.13
3.2
5.21
4.8
8.82
4.06
8.2
4.5
4.83
3.46
5.12
3.57
6.51
4.09
4.32
8.63
7.64
4.29
7.7
6.81
6.6
4.04
3.58
4.13
7.52
5.78
6.05
6.96
3.65
3.04
10.05
5.8
11.89
8.56
5.92
8.25
5.19
3.88
4.39
4.47
4.52
7.46
3.71
4.5
4.05
3.13
6.06
3.41
3.08
4.27
9.71
5.46
8.13
6.37
3.62
5.77
4.96
4.95
6.13
6.32
3.42
3.61
3.71
5.27
6.76
5.33
3.67
3.84
3.75
3.42
3.52
4.29
5.63
4.47
5.68
4.27
4.58
3.82
6.91
7.3
4.45
8.02
7.36
3.37
6.56
10.33
3.53
7.21
10.03
3.65
3.78
7.9
7.7
4.19
4.46
4.81
4.37
3.03
3.66
3.43
5.67
4.24
7.01
22.61
4.32
6.93
7.76
4.79
3.07
3.6
4.96
6.31
4.43
5.44
5.5
3.54
4.37
10.97
5.41
3.74
6.63
6.44
11.35
6.19
3.47
5.21
3.18
5.07
6.55
7.36
5.18
3.97
3.45
4.63
6.54
8.1
12.38
4.18
4.08
5.5
5.61
9.12
4.5
7.36
7.75
5.95
3.58
4.99
5.17
4.01
4.42
3.97
9.09
3.82
8.08
6.84
6.24
6.72
6.77
6.3
3.03
3.61
3.29
5.45
4.84
5.1
4.5
9.04
4.42
5.73
3.41
3.13
4.46
6.09
4.42
4.49
3.3
5.47
3.27
3.59
8.68
3.16
7.05
6.75
8.44
4.01
9.26
5.49
3.79
3.1
4.2
4.5
6.92
4.86
7.31
6.2
3.63
6.3
3.02
5.22
3.28
6.78
3.46
9.92
6.09
7.56
12.48
3.34
5.44
4.54
4.31
4.29
6.09
7.61
3.52
5.04
5.21
8.44
5.07
4.08
13.89
5.86
3.48
4.26
4.87
3.48
4.
3.31
3.42
3.89
6.3
7.27
3.21
7.55
9.37
5.35
3.05
3.27
3.01
5.65
6.27
4.74
7.28
8.08
5.1
4.37
6.57
6.55
5.62
5.05
4.71
4.66
12.76
3.38
8.39
7.6
5.92
6.53
3.35
6.24
4.9
6.46
5.
3.4
6.45
5.13
6.75
3.78
5.74
6.87
6.17
3.91
3.98
5.46
3.74
3.59
6.55
3.76
6.82
3.57
4.95
5.9
5.66
3.73
6.51
7.
7.24
4.66
9.11
3.51
3.2
3.62
6.31
5.23
3.93
8.73
3.52
3.5
3.41
3.14
3.77
5.1
9.52
4.65
6.62
4.4
7.37
4.66
5.44
8.32
8.78
8.61
8.1
4.65
4.99
4.11
3.97
5.2
3.01
3.96
7.04
3.86
4.3
5.41
6.08
6.15
5.08
5.1
7.12
5.6