4.89
3.31
4.76
3.19
10.27
3.25
6.24
6.57
3.28
4.2
3.13
7.38
3.91
3.58
4.43
6.22
3.75
3.78
3.68
5.79
3.13
5.29
4.09
4.82
6.04
4.93
3.24
4.02
4.91
3.34
3.26
3.06
3.03
7.36
3.21
3.78
4.44
3.85
3.71
5.42
3.52
4.87
3.98
3.83
3.26
6.52
4.67
4.45
4.05
4.04
3.54
5.47
4.94
3.86
5.2
5.75
4.63
3.89
4.05
3.98
6.31
7.44
5.5
5.61
3.68
5.14
3.17
5.35
3.6
6.42
7.61
4.52
4.45
3.4
5.47
6.75
3.98
4.91
3.57
7.68
3.27
3.52
3.6
4.
4.5
3.13
3.27
5.72
4.18
5.26
4.63
5.89
3.5
5.87
3.56
8.09
3.38
4.34
3.51
5.41
3.24
6.63
4.02
6.93
4.08
7.08
3.83
4.6
3.73
3.47
5.37
3.04
3.95
4.07
7.92
5.81
3.96
3.95
3.45
3.54
18.38
4.55
4.08
5.97
4.12
3.63
27.67
3.31
6.08
4.14
5.79
5.6
8.41
4.09
3.02
5.1
4.9
6.24
4.51
3.88
4.48
5.26
4.95
3.05
3.69
6.02
9.1
5.96
4.21
6.25
3.25
5.75
5.84
3.4
5.69
6.16
5.24
6.1
5.08
3.68
5.79
4.72
4.06
3.51
3.84
3.17
3.44
5.98
3.88
5.82
5.02
3.03
6.61
7.65
3.04
4.02
4.42
5.53
3.25
4.33
3.18
4.25
3.94
4.99
3.52
4.41
7.54
4.39
5.79
3.38
8.88
5.38
6.14
5.45
3.75
4.7
4.55
4.17
4.11
5.74
6.42
8.04
3.92
3.11
5.86
5.42
4.72
4.05
6.19
3.42
5.02
3.8
4.33
4.34
3.31
4.58
7.97
3.11
3.78
7.65
3.61
4.48
6.51
6.51
4.3
3.38
3.02
3.84
3.53
4.08
4.02
4.23
6.51
5.63
6.53
3.58
4.99
3.14
8.75
3.51
5.2
3.45
6.42
3.16
4.09
3.51
9.23
3.43
3.35
7.39
5.36
3.91
3.61
7.87
3.26
3.84
4.48
5.37
3.24
5.3
3.38
4.33
7.45
4.76
4.7
3.07
3.11
3.98
4.13
3.51
8.09
3.65
3.37
3.42
4.12
5.12
6.57
5.33
3.46
3.66
17.24
4.12
3.3
4.64
3.69
3.31
3.01
4.63
6.02
3.37
3.12
4.33
3.41
4.25
5.64
3.25
4.
4.77
3.44
3.7
4.34
6.38
5.14
3.16
4.02
4.93
6.03
5.48
3.52
4.94
3.1
4.56
4.07
5.35
3.54
6.3
7.14
7.26
5.98
3.15
4.06
3.6
4.54
4.93
3.23
6.33
4.47
4.33
3.64
6.17
4.67
6.44
3.93
5.17
6.02
4.37
7.08
3.68
4.93
4.41
4.8
8.95
5.36
5.95
6.3
3.64
3.56
5.14
3.13
7.97
3.36
6.46
5.61
5.42
6.75
4.71
3.05
3.46
4.2
3.84
6.5
3.36
3.29
4.4
3.28
3.37
3.97
4.13
4.34
5.64
6.14
3.9
4.83
3.44
8.82
3.59
4.23
3.83
3.02
3.57
7.56
5.22
4.53
8.46
7.21
5.15
6.96
3.92
4.23
3.57
5.97
3.02
3.97
6.77
4.01
3.73
3.12
4.24
4.62
3.8
5.32
6.24
3.63
3.64
3.37
4.76
3.25
4.98
3.72
3.98
10.24
3.38
3.61
3.33
7.41
6.91
4.13
3.66
5.19
5.03
3.46
4.38
9.8
5.64
4.32
4.04
3.67
4.43
3.89
4.38
3.1
4.06
3.22
5.1
6.39
5.37
4.68
7.2
3.9
6.31
3.81
6.1
4.38
6.2
3.82
5.55
6.38
4.74
4.01
5.2
4.71
6.51
5.51
4.54
6.6
3.49
3.74
5.58
4.66
5.64
6.45
5.13
4.16
4.01
5.96
4.51
7.34
3.25
5.7
6.41
5.55
5.04
3.2
3.47
4.4
4.47
4.96
6.56
3.53
9.02
3.12
9.13
4.2
8.79
3.69
3.87
5.65
4.1
3.78
4.85
3.78
4.93
4.42
3.94
4.72
4.24
4.77
7.1
3.3
3.07
3.1
5.66
6.61
3.86
10.33
7.25
4.18
8.15
3.78
4.76
6.16
3.8
3.37
4.96
7.85
3.84
7.72
3.6
3.17
5.48
4.17
6.67
5.03
3.6
4.34
10.79
5.67
3.52
3.5
3.73
4.16
7.79
3.74
4.41
13.99
3.34
4.94
4.93
4.07
5.21
4.83
5.05
5.76
4.97
3.11
8.44
3.23
4.29
4.91
4.27
5.72
3.29
3.38
5.01
3.3
5.51
4.92
5.06
6.05
5.64
5.11
4.58
4.01
6.05
3.34
3.33
3.38
8.64
3.43
3.14
3.17
4.46
6.06
4.47
6.1
4.97
4.28
4.29
3.54
3.76
4.63
8.32
3.59
7.8
3.95
4.74
3.39
6.45
5.95
4.58
4.23
3.22
3.93
4.83
5.36
4.41
4.76
7.31
5.76
3.38
4.75
3.32
4.4
3.9
4.2
10.03
6.07
3.42
3.51
4.02
3.53
8.46
4.92
3.02
4.09
5.96
5.86
3.67
4.11
5.38
7.48
4.71
3.81
4.71
3.08
8.94
9.94
5.5
4.26
3.89
3.5
4.27
3.13
4.02
7.72
3.2
4.68
3.67
3.13
3.1
4.54
3.81
3.08
4.
3.76
5.22
3.44
4.32
3.24
4.29
3.08
5.
5.5
7.17
3.82
5.01
3.05
4.
4.
4.33
3.15
7.18
6.23
4.31
3.58
3.38
4.99
3.01
3.46
6.37
4.88
5.38
4.49
3.96
4.42
5.47
3.45
3.29
3.99
4.46
4.05
4.25
4.67
3.41
6.12
3.1
3.05
6.59
3.56
4.5
3.41
6.75
3.71
3.39
6.92
3.19
4.97
4.7
3.42
5.31
4.87
5.1
6.34
4.44
11.
7.5
8.17
6.31
4.21
4.05
4.52
10.04
7.97
7.08
6.5
5.55
3.81
10.39
5.26
4.86
4.91
4.79
3.88
3.14
4.7
4.3
7.76
4.25
4.38
3.38
4.46
3.81
3.5
7.36
5.27
7.39
3.04
5.5
4.4
3.6
3.79
3.45
5.2
5.1
3.32
5.28
6.52
3.89
7.44
5.54
6.71
3.59
5.34
3.6
4.9
4.31
6.85
6.66
3.42
3.48
4.48
4.16
3.3
4.04
3.38
3.94
17.23
3.9
3.38
4.63
5.47
4.08
3.61
4.55
3.55
3.67
3.31
3.52
5.45
3.84
5.37
4.99
6.48
5.26
6.35
4.41
7.56
5.89
5.59
3.2
4.2
8.13
4.21
3.75
3.77
5.07
4.58
5.67
3.71
4.22
5.94
7.24
3.35
5.67
4.71
7.27
3.37
11.75
4.77
10.32
6.02
4.01
4.62
4.75
9.95
3.46
5.77
3.7
3.95
4.
3.71
5.28
5.42
6.73
5.52
3.2
3.25
4.12
4.7
3.57
4.54
3.04
3.72
3.91
5.4
4.03
6.92
8.16
3.48
5.27
3.51
3.84
3.05
5.79
7.2
5.52
4.95
3.28
3.62
5.25
4.18
9.86
4.08
3.56
4.65
3.33
3.09
10.04
6.28
4.28
4.14
5.83
6.48
8.99
5.24
5.93
3.35
3.09
8.96
7.46
4.84
4.14
3.81
8.56
6.79
7.33
3.95
3.63
10.63
6.49
5.47
4.26
3.73
4.62
3.33
4.45
4.28
5.04
7.81
5.62
3.88
5.15
4.63
4.84
3.58
6.04
3.12
4.17
4.87
4.06
8.96
3.56
6.78
5.12
5.89
6.29
38.52
3.85
40.77
3.54
13.42
4.6
3.2
5.49
4.29
4.25
6.55
3.89
9.54
4.16
3.78
4.27
4.89
3.02
10.03
7.71
4.15
4.71
7.66
3.49
4.63
4.7
3.72
6.86
7.76
19.72
3.51
5.59
8.24
6.68
5.11
3.1
6.41
3.76
4.34
3.11
3.45
3.44
5.46
3.42
3.85
4.97
4.81
5.54
6.24
4.91
3.78
5.46
3.61
3.66
3.76
4.72
3.48
6.25
5.95
3.86
6.42
18.17
3.17
4.04
7.12
3.13
4.79
5.5
5.64
7.93
6.54
3.53
3.65
5.29
8.82
8.64
3.57
5.07
4.38
3.6
7.53
3.86
5.18
6.33
3.05
3.33
3.65
5.09
3.95
3.31
20.03
4.4
10.73
10.69
4.44
5.82
6.8
10.21
5.31
11.02
5.17
8.82
9.68
7.96
3.03