3.17
4.25
3.91
4.75
4.47
4.67
4.52
5.51
4.53
3.17
3.85
3.84
5.25
4.44
3.41
3.22
3.87
6.28
3.79
3.28
6.79
3.33
5.58
4.4
4.38
5.55
4.81
4.24
4.18
4.19
3.26
5.29
4.9
4.97
3.52
3.87
3.05
4.08
3.75
3.79
6.37
3.34
3.23
3.17
7.05
7.08
4.43
4.86
3.58
5.21
3.77
10.07
3.14
3.36
3.39
4.34
4.62
4.04
3.18
3.3
4.22
4.64
3.41
3.14
5.1
3.6
4.75
5.05
3.93
6.37
3.39
4.24
4.88
3.58
3.49
3.59
10.29
4.7
3.54
3.62
3.36
3.51
4.17
5.
4.95
3.04
4.46
8.15
3.17
4.63
3.25
3.02
3.48
4.17
5.03
4.28
7.03
4.67
5.61
3.63
4.47
4.08
6.47
5.55
4.51
4.85
4.61
3.86
3.56
3.64
3.8
4.63
3.76
3.25
3.98
3.13
4.43
3.38
3.58
7.46
4.53
3.85
3.73
3.52
4.42
4.97
3.74
4.97
4.2
3.02
3.67
6.3
3.4
23.2
3.12
3.78
3.38
3.15
4.06
5.81
4.3
6.11
4.02
5.22
5.45
3.17
4.24
11.24
3.89
3.01
3.11
3.94
3.62
5.64
4.66
3.67
3.04
4.1
3.33
4.73
4.02
4.3
5.31
3.22
7.38
4.8
3.55
3.58
5.2
4.38
3.34
4.25
3.29
5.05
3.23
4.51
4.3
3.77
6.08
3.73
3.76
4.41
5.36
3.72
3.22
3.98
3.5
4.05
6.92
6.25
3.02
5.62
3.02
3.16
4.01
11.55
3.31
3.09
5.8
3.48
3.79
3.76
4.75
3.31
3.67
4.39
3.21
5.17
3.93
7.11
4.46
3.1
4.32
4.4
3.3
3.34
5.81
4.02
3.15
3.85
4.22
5.41
3.95
3.19
3.63
4.48
3.71
3.23
6.15
3.15
8.05
4.21
3.69
6.46
4.93
5.24
6.72
4.61
4.17
3.93
4.71
3.15
3.66
4.83
3.8
4.17
3.02
6.01
3.32
5.09
6.77
6.93
3.78
3.12
5.38
4.13
5.12
3.07
3.49
4.64
3.25
4.04
4.26
3.02
7.17
4.39
7.51
4.16
5.19
3.97
5.34
5.49
3.37
4.98
7.1
3.78
4.27
4.25
5.17
4.42
4.16
3.72
3.13
3.44
4.03
5.14
3.84
3.79
3.16
4.01
9.95
5.3
5.37
5.72
6.18
4.34
9.04
5.39
6.29
4.18
4.68
3.11
5.66
6.47
5.34
4.71
4.35
4.88
4.79
8.14
3.48
4.58
5.53
3.27
3.07
3.71
4.38
3.28
3.78
6.92
4.55
5.93
5.37
4.17
4.17
4.01
6.38
4.32
4.53
3.27
8.96
3.25
3.44
5.29
4.89
5.13
3.65
3.34
4.57
4.45
3.52
5.37
3.62
3.81
3.17
3.06
4.22
7.46
8.26
3.83
3.63
3.63
5.05
4.23
4.11
4.37
4.52
3.93
3.74
5.31
4.39
3.82
3.21
7.51
3.58
3.29
4.68
3.78
4.44
3.17
6.98
5.9
4.66
3.1
3.2
5.92
3.44
5.44
6.57
3.24
3.11
4.88
4.78
3.15
4.51
4.76
3.1
3.86
4.87
3.56
3.99
4.61
5.58
5.62
4.21
3.78
5.02
4.84
4.56
4.55
3.22
6.06
3.91
3.62
3.88
4.01
3.56
3.09
5.75
3.58
9.02
3.6
3.46
4.79
12.99
3.1
5.23
3.23
3.15
3.61
3.28
6.03
3.93
3.44
5.02
3.16
3.5
18.48
3.94
6.89
8.79
3.41
5.09
3.05
7.42
3.22
5.74
4.41
3.17
4.
7.43
5.84
3.99
3.38
5.55
4.92
4.
5.26
5.65
3.78
4.06
3.57
4.76
3.86
5.62
3.28
3.09
3.45
5.75
4.37
3.73
4.62
3.46
4.3
3.12
4.24
3.27
3.1
7.17
5.66
5.92
6.15
3.5
3.86
8.15
4.22
4.14
6.13
5.85
3.78
3.97
9.9
3.35
3.35
5.22
3.44
3.75
4.5
3.25
4.13
3.55
5.01
4.1
4.88
3.02
3.47
8.56
4.52
4.74
4.95
3.21
4.72
3.81
4.76
3.06
8.22
4.42
5.74
3.86
5.58
4.17
6.42
3.81
3.27
5.19
4.01
6.04
6.28
3.82
3.75
4.64
3.25
3.08
3.8
3.92
4.03
3.95
5.25
7.63
3.23
3.5
4.08
5.82
3.65
3.27
3.88
4.34
5.09
3.18
6.02
4.
5.86
3.1
6.92
3.65
5.21
3.08
5.89
5.29
4.27
3.01
3.55
4.39
4.38
5.42
4.17
4.66
3.59
5.78
3.24
3.98
5.34
5.28
7.15
4.06
7.03
8.44
4.8
4.49
5.5
6.38
3.16
5.02
5.21
5.96
3.45
3.42
6.45
5.2
20.98
5.78
3.13
4.21
3.73
5.1
4.5
3.9
3.58
17.56
3.92
3.07
4.03
3.87
5.62
4.55
6.14
18.91
4.66
6.84
3.28
4.74
6.28
3.06
4.3
4.2
3.72
5.09
3.57
7.68
3.76
3.12
5.18
4.72
3.82
4.15
4.04
6.09
3.95
3.92
4.39
8.94
4.73
5.3
6.6
4.43
6.49
6.89
4.31
3.1
4.35
3.93
3.21
3.08
3.34
12.16
4.4
4.33
9.44
3.95
4.48
3.71
7.99
5.47
4.34
3.53
4.56
4.38
3.12
6.09
4.57
3.77
5.67
3.37
5.01
6.44
3.3
3.08
14.99
3.13
3.06
3.94
3.28
5.01
3.44
6.67
3.38
3.72
3.31
5.76
4.77
4.85
4.07
5.62
5.47
3.59
3.99
6.43
3.73
3.48
3.99
5.93
3.37
3.45
5.97
7.68
5.32
3.25
4.19
4.1
5.
3.07
3.14
7.29
6.05
3.48
3.6
4.99
5.1
3.55
3.44
4.33
3.31
3.58
3.34
3.99
4.06
4.17
3.42
3.22
3.11
3.76
3.65
3.82
3.95
5.83
4.07
3.08
4.76
10.78
3.64
3.91
3.09
3.39
6.37
3.7
4.48
5.71
5.93
3.15
9.04
7.77
5.82
4.15
3.2
3.34
4.96
4.33
4.88
5.6
3.27
4.2
5.22
4.04
4.86
3.37
3.78
5.57
4.12
3.77
3.17
6.44
6.14
3.23
3.86
3.11
4.59
3.44
4.11
3.57
3.64
4.28
3.02
3.73
4.79
4.
3.67
7.2
3.27
5.07
3.77
4.19
5.93
3.73
4.38
5.43
3.98
3.21
4.26
4.01
3.31
4.8
3.84
3.34
4.71
4.58
3.58
3.71
3.92
4.84
3.64
3.04
3.41
3.38
3.39
4.07
3.17
3.94
3.7
5.74
4.46
3.55
9.4
3.88
4.82
3.59
6.63
5.68
4.58
7.49
7.68
4.4
3.41
3.5
5.13
6.81
3.27
3.19
5.65
4.2
3.76
5.09
4.67
3.96
4.75
3.8
4.76
6.47
5.19
3.64
6.31
4.45
3.76
7.11
7.62
6.46
5.76
17.13
5.34
3.44
4.95
3.83
3.71
3.1
4.33
3.68
5.68
4.3
4.4
3.55
4.39
4.22
4.83
5.93
6.72
3.96
3.43
3.86
3.58
3.78
3.92
3.52
4.73
3.13
3.07
3.09
3.27
3.02
4.3
4.51
4.86
3.89
3.82
5.41
3.66
5.54
3.24
3.09
6.3
3.65
3.67
11.11
3.87
3.88
3.48
3.82
4.73
3.12
4.48
3.75
7.96
3.19
7.86
3.46
4.7
5.78
6.07
4.34
3.92
3.18
3.32
4.23
5.34
3.47
3.56
5.28
4.6
3.58
6.25
4.87
3.27
4.29
5.96
3.14
4.07
3.77
3.86
6.4
4.83
4.98
3.54
5.62
5.19
4.41
7.62
7.76
3.17
7.46
4.13
3.71
5.83
3.17
4.01
4.88
4.88
3.64
6.61
3.12
3.19
3.25
6.14
3.02
12.48
5.66
4.12
3.75
3.06
5.01
5.52
4.1
3.84
5.16
3.51
3.25
3.23
6.9
4.07
3.19
4.87
3.17
3.42
3.79
7.47
6.95
4.37
4.73
3.36
3.62
4.38
3.3
3.83
3.64
6.86
5.16
5.29
6.15
3.17
3.1
4.94
3.01
3.01
3.51
3.12
4.78
4.99
4.32
4.18
4.82
5.33
3.81
6.32
3.56
4.46
3.44
7.34
8.38
3.45
4.51
5.49
5.46
5.04
6.31
4.35
3.08
3.19
3.7
4.02
3.62
5.16
6.01
3.33
3.62
3.42
3.09
6.68
4.
4.23
4.93
3.6
4.4
7.53
5.45
4.57
3.81
3.16
4.81
4.75
3.25
8.16
5.08
5.3
4.7
4.14
4.99
6.57
3.35
4.18
3.86
4.66
4.98
3.19
6.1
3.82
3.47
3.4
4.1
3.34
3.54
3.04
4.79
3.14
4.15
3.57
3.48
3.06
3.98
12.48
4.48
4.34
5.02
10.23
6.64
3.6
3.2
3.84
3.77
3.25
4.38
4.16
3.56
4.07
3.19
8.46
5.2
3.15
3.48
4.97
3.48
5.73
3.15
4.17
5.
3.37
4.07
4.44
3.96
3.58
3.77
3.45
4.39
3.94
5.69
7.03
5.6
4.63
5.69
4.64
5.86
4.3
5.24
3.98
3.76
3.08
3.65
4.24
4.94
4.62
3.24
3.35
7.33
3.91
4.05
3.15
5.23
5.49
3.39
3.24
5.01
3.45
4.05
3.87
6.18
5.5
3.87
4.45
6.07
3.94
3.18
5.05
4.34
3.81
3.06
4.94
4.73
3.03
4.03
4.17
3.73
3.49
4.09
5.55
6.22
3.39
5.32
3.05
5.33
3.43
3.18
3.45
3.45
3.86
3.15
3.38
4.18
6.62
4.04
4.46
4.43
3.36
3.15
3.89
3.32
3.03
3.19
5.96
4.23
3.35
10.06
8.87
6.11
3.46
3.47
6.13
4.02
3.3
4.89
4.98
5.19
3.39
5.31
3.75
3.05
5.17
3.36
4.53
6.48
3.07
3.35
5.4
4.33
5.36
4.57
4.62
3.81
5.08
6.95
4.
3.18
3.4
6.37
3.53
5.18
5.72
4.73
4.14
4.96
3.12
5.15
3.11
3.15
3.3
3.2
4.43
4.95
5.2
3.34
5.07
3.71
4.44
5.68
4.48
3.76
5.95
3.3
3.4
7.27
8.42
3.41
4.15
3.34
4.47
3.7
3.28
3.58
5.07
5.45
4.92
3.96
4.2
5.01
5.71
4.4
6.94
4.1
4.25
14.32
4.21
6.42
4.12
4.98
26.4
5.9
3.07
3.4
8.5
9.52
10.39
8.22
3.76
10.1
11.75
3.1
5.55